0 1 y
0.150000 -0.001501 0.000000
-0.350000 0.004999 0.000000
0.350000 0.005999 0.000000
-0.050000 0.000000 0.000000
0.150000 0.000000 0.000000
-0.400000 0.000000 0.000000
-0.100000 -0.001500 0.000000
-0.050000 0.003499 0.000000
0.000000 0.000000 0.000000
0.450000 0.000000 0.000000
-0.250000 -0.001500 0.000000
0.050000 0.000000 0.000000
0.350000 0.000000 0.000000
0.300000 0.000502 0.000000
0.350000 0.000000 0.000000
-0.350000 0.000000 0.000000
-0.150000 0.004000 0.000000
-0.400000 0.000000 0.000000
-0.550000 0.000000 0.000000
0.450000 0.000000 0.000000
-0.100000 0.001999 0.000000
-1.200000 -0.002497 0.000000
0.250000 0.000000 0.000000
0.400000 0.000000 0.000000
0.500000 0.004502 0.000000
0.050000 0.000000 0.000000
0.250000 0.000000 0.000000
-0.550000 0.000000 0.000000
0.050000 -0.014000 0.000000
-0.400000 -0.002499 0.000000
-0.350000 -0.004002 0.000000
-0.350000 0.000500 0.000000
-0.050000 -0.003501 0.000000
0.200000 0.000000 0.000000
0.350000 0.000000 0.000000
0.250000 -0.002000 0.000000
-0.050000 0.000000 0.000000
-0.100000 0.000000 0.000000
-0.750000 0.000000 0.000000
-0.150000 0.000000 0.000000
0.050000 0.006499 0.000000
-0.400000 0.000000 0.000000
0.400000 0.000000 0.000000
-0.050000 0.000000 0.000000
-0.700000 -0.001001 0.000000
-0.450000 0.000000 0.000000
0.150000 -0.001999 0.000000
-0.050000 -0.006000 0.000000
-0.100000 0.000000 0.000000
0.200000 0.000000 0.000000
0.000000 0.000000 0.000000
-0.050000 0.010000 0.000000
-0.650000 0.000000 0.000000
0.250000 0.000000 0.000000
-0.700000 0.000000 0.000000
-0.050000 0.006499 0.000000
-0.150000 0.000000 0.000000
-0.100000 0.000000 0.000000
0.000000 0.000000 0.000000
-0.400000 0.000000 0.000000
0.450000 0.000000 0.000000
-0.100000 0.000000 0.000000
0.200000 0.006500 0.000000
0.150000 0.000000 0.000000
-0.200000 0.000000 0.000000
0.200000 0.002001 0.000000
0.100000 0.000000 0.000000
0.100000 0.000000 0.000000
-0.250000 0.000000 0.000000
0.100000 0.000000 0.000000
-1.000000 0.000000 0.000000
-0.050000 0.000000 0.000000
0.700000 0.006499 0.000000
-1.050000 0.000000 0.000000
-0.600000 0.000000 0.000000
-0.250000 -0.000001 0.000000
0.150000 -0.000500 0.000000
-5.660000 -0.005502 0.000000
-0.150000 -0.001502 0.000000
-0.150000 0.001500 0.000000
-0.250000 0.000000 0.000000
0.100000 -0.007178 0.000000
0.000000 0.009503 0.000000
0.250000 0.001500 0.000000
0.000000 0.000997 0.000000
-0.300000 -0.004999 0.000000
-0.450000 -0.006501 0.000000
-0.150000 0.000000 0.000000
0.450000 -0.002500 0.000000
-0.800000 0.000000 0.000000
-0.850000 0.000000 0.000000
0.100000 0.000000 0.000000
-0.700000 0.000000 0.000000
-0.200000 0.000000 0.000000
0.250000 0.000000 0.000000
0.350000 0.000000 0.000000
0.000000 0.000000 0.000000
0.500000 -0.004999 0.000000
0.000000 0.000000 0.000000
-0.100000 0.000000 0.000000
-0.750000 0.000000 0.000000
-0.250000 0.000000 0.000000
0.050000 0.000000 0.000000
0.200000 0.000000 0.000000
0.450000 -0.007496 0.000000
-0.400000 0.000501 0.000000
-0.400000 0.000000 0.000000
0.000000 0.000000 0.000000
0.300000 0.000000 0.000000
-0.050000 0.000000 0.000000
0.400000 0.000000 0.000000
0.000000 0.000000 0.000000
0.050000 0.000000 0.000000
-0.100000 0.000000 0.000000
-0.350000 0.000000 0.000000
0.200000 0.000002 0.000000
-0.150000 0.000500 0.000000
0.000000 0.000000 0.000000
-0.250000 0.000000 0.000000
0.400000 0.000998 0.000000
0.200000 0.000000 0.000000
-0.550000 0.000000 0.000000
-0.250000 0.001500 0.000000
0.050000 0.000000 0.000000
-0.200000 0.000000 0.000000
0.050000 0.000000 0.000000
-0.350000 0.000000 0.000000
0.100000 0.000000 0.000000
-0.200000 0.000000 0.000000
0.300000 0.000000 0.000000
-0.150000 0.000000 0.000000
-0.100000 -0.006000 0.000000
0.150000 -0.002997 0.000000
0.550000 0.000000 0.000000
0.000000 0.000000 0.000000
-0.350000 0.000000 0.000000
0.300000 0.000000 0.000000
0.000000 0.000000 0.000000
-0.100000 0.003501 0.000000
0.000000 -0.000499 0.000000
0.450000 0.000000 0.000000
-0.250000 0.000000 0.000000
-0.200000 0.000501 0.000000
0.300000 0.000000 0.000000
0.150000 0.007998 0.000000
0.100000 0.000000 0.000000
-0.400000 -0.002001 0.000000
-0.700000 0.000000 0.000000
-0.750000 0.000000 0.000000
0.000000 0.000000 0.000000
0.250000 0.000000 0.000000
-0.350000 0.000000 0.000000
-0.400000 0.003001 0.000000
-0.150000 0.000000 0.000000
0.300000 0.007500 0.000000
-0.300000 0.000000 0.000000
-0.350000 0.000000 0.000000
-0.750000 -0.006002 0.000000
0.750000 0.000000 0.000000
0.050000 0.000000 0.000000
0.100000 -0.010997 0.000000
-0.200000 0.000000 0.000000
0.100000 0.000000 0.000000
0.250000 -0.001500 0.000000
0.300000 0.000000 0.000000
-0.450000 0.000000 0.000000
-0.850000 0.000000 0.000000
0.400000 -0.002001 0.000000
0.000000 0.000000 0.000000
0.050000 0.000000 0.000000
-0.150000 0.000000 0.000000
-0.050000 0.000000 0.000000
-0.050000 -0.004502 0.000000
0.750000 0.000000 0.000000
0.250000 0.001500 0.000000
0.200000 -0.007998 0.000000
0.150000 0.000000 0.000000
0.100000 0.005000 0.000000
-0.350000 0.003000 0.000000
-0.800000 0.000000 0.000000
0.000000 0.011498 0.000000
-0.200000 0.006000 0.000000
0.150000 0.000000 0.000000
-0.750000 0.003500 0.000000
-0.500000 0.000000 0.000000
0.650000 0.000000 0.000000
-0.200000 -0.002001 0.000000
-0.050000 0.000000 0.000000
0.000000 0.000000 0.000000
-0.150000 -0.003501 0.000000
-0.050000 0.000000 0.000000
-0.500000 -0.001500 0.000000
-0.150000 0.000000 0.000000
-0.050000 0.001998 0.000000
-0.050000 0.000000 0.000000
-0.550000 0.000000 0.000000
0.600000 0.000000 0.000000
0.000000 0.000000 0.000000
0.050000 0.000501 0.000000
-0.250000 0.000000 0.000000
-0.850000 -0.003000 0.000000
0.700000 0.000000 0.000000
-0.550000 0.002500 0.000000
0.350000 0.005501 0.000000
0.100000 0.000000 0.000000
-0.600000 0.000000 0.000000
-0.500000 -0.002999 0.000000
0.000000 0.000000 0.000000
0.300000 0.000000 0.000000
0.150000 0.000000 0.000000
0.000000 -0.000500 0.000000
-0.400000 0.001500 0.000000
0.300000 0.000000 0.000000
-0.650000 0.000000 0.000000
0.250000 0.000000 0.000000
0.450000 0.000000 0.000000
0.250000 0.000000 0.000000
0.250000 0.000000 0.000000
-0.600000 0.000000 0.000000
-0.100000 -0.002001 0.000000
-0.450000 0.000000 0.000000
-0.650000 0.000000 0.000000
0.300000 0.000000 0.000000
0.450000 0.000000 0.000000
-0.400000 -0.007498 0.000000
0.450000 0.000000 0.000000
-0.650000 0.000000 0.000000
0.250000 0.000000 0.000000
0.000000 0.000000 0.000000
-0.450000 0.000000 0.000000
-0.250000 0.000000 0.000000
0.100000 0.000000 0.000000
0.300000 0.000000 0.000000
-0.150000 0.000000 0.000000
-0.200000 -0.004500 0.000000
0.350000 0.000000 0.000000
-0.500000 0.000000 0.000000
-0.350000 0.000000 0.000000
-0.150000 0.000000 0.000000
0.050000 0.000000 0.000000
-0.200000 0.000000 0.000000
-0.150000 0.000000 0.000000
0.050000 0.000000 0.000000
-0.450000 0.000000 0.000000
0.150000 0.000000 0.000000
0.300000 0.000000 0.000000
0.150000 0.010001 0.000000
-0.100000 0.000000 0.000000
0.050000 0.000000 0.000000
0.100000 0.005499 0.000000
-6.137500 0.000000 0.000000
0.300000 0.000000 0.000000
0.000000 0.000000 0.000000
-6.192500 -0.003000 0.000000
-0.150000 -0.000999 0.000000
0.100000 0.000000 0.000000
-0.700000 -0.002002 0.000000
-0.200000 0.000998 0.000000
-0.550000 0.000000 0.000000
-0.100000 0.000000 0.000000
-0.050000 0.000000 0.000000
-0.100000 0.000000 0.000000
0.300000 -0.010999 0.000000
0.150000 0.000000 0.000000
-0.150000 0.010001 0.000000
-0.250000 0.000000 0.000000
0.150000 0.000000 0.000000
-0.450000 0.000000 0.000000
-0.950000 0.000000 0.000000
-0.350000 -0.003499 0.000000
-0.300000 -0.009999 0.000000
-8.117500 0.000000 0.000000
0.000000 0.001501 0.000000
0.200000 0.000000 0.000000
-0.350000 0.000000 0.000000
0.150000 0.001500 0.000000
-0.950000 0.000000 0.000000
-0.050000 0.003499 0.000000
0.000000 0.000000 0.000000
0.250000 0.000000 0.000000
-1.200000 0.000000 0.000000
-0.050000 0.000000 0.000000
-0.400000 0.000000 0.000000
0.050000 0.000000 0.000000
-0.700000 0.001500 0.000000
-0.250000 0.000000 0.000000
0.050000 -0.004500 0.000000
-0.750000 0.000000 0.000000
0.350000 0.000000 0.000000
-0.850000 0.000000 0.000000
0.050000 0.000000 0.000000
-0.100000 0.000000 0.000000
0.350000 0.000000 0.000000
-0.450000 0.000000 0.000000
0.450000 0.000000 0.000000
0.450000 0.002999 0.000000
-0.750000 0.003000 0.000000
0.500000 0.000000 0.000000
0.150000 0.000000 0.000000
-0.050000 0.001500 0.000000
-0.050000 0.000000 0.000000
-0.550000 0.000000 0.000000
-0.050000 0.000000 0.000000
0.050000 0.000000 0.000000
0.500000 0.000000 0.000000
0.000000 0.002000 0.000000
0.000000 0.004002 0.000000
0.050000 0.000000 0.000000
-0.150000 -0.002998 0.000000
0.500000 0.002002 0.000000
-0.500000 0.010501 0.000000
0.650000 0.000000 0.000000
0.650000 0.000000 0.000000
0.700000 0.000000 0.000000
-0.600000 0.000000 0.000000
-7.162500 0.000000 0.000000
0.350000 0.000000 0.000000
0.100000 0.000000 0.000000
-0.050000 0.000000 0.000000
-0.650000 0.000000 0.000000
-9.572500 -0.001001 0.000000
0.000000 0.000000 0.000000
-0.100000 0.000000 0.000000
-6.435000 0.000000 0.000000
0.350000 0.000000 0.000000
0.000000 -0.004501 0.000000
0.150000 0.000000 0.000000
0.350000 0.000000 0.000000
-0.350000 0.000000 0.000000
0.200000 0.000000 0.000000
-1.200000 0.000000 0.000000
0.100000 0.000000 0.000000
0.300000 -0.000499 0.000000
-0.350000 0.003500 0.000000
-0.750000 0.001500 0.000000
0.200000 -0.001501 0.000000
0.300000 0.000000 0.000000
0.050000 0.003499 0.000000
-0.650000 0.000000 0.000000
0.250000 0.000000 0.000000
0.100000 -0.006000 0.000000
0.250000 -0.009999 0.000000
-0.850000 0.000000 0.000000
-0.500000 0.000000 0.000000
-0.100000 -0.002500 0.000000
-0.500000 0.000000 0.000000
0.350000 0.000000 0.000000
0.250000 -0.002499 0.000000
0.250000 0.000000 0.000000
-0.350000 0.000000 0.000000
0.300000 0.000000 0.000000
0.050000 0.000000 0.000000
-0.400000 0.000000 0.000000
0.250000 0.000000 0.000000
0.300000 0.000000 0.000000
-0.400000 0.000000 0.000000
-0.300000 0.000000 0.000000
-0.550000 0.000000 0.000000
0.150000 0.000000 0.000000
-0.950000 -0.000498 0.000000
0.100000 0.000000 0.000000
-0.050000 0.000000 0.000000
0.200000 0.000000 0.000000
0.250000 0.000000 0.000000
0.050000 0.000000 0.000000
0.650000 0.000000 0.000000
-0.400000 -0.001501 0.000000
0.000000 0.000000 0.000000
-0.150000 -0.003000 0.000000
-0.150000 0.000000 0.000000
0.550000 0.000000 0.000000
0.650000 0.003501 0.000000
0.750000 0.000000 0.000000
0.200000 0.000000 0.000000
0.050000 0.000000 0.000000
-0.350000 0.000000 0.000000
-0.750000 0.000000 0.000000
0.350000 0.000000 0.000000
0.350000 -0.008001 0.000000
-0.050000 0.000000 0.000000
0.050000 0.000000 0.000000
0.550000 -0.008500 0.000000
0.000000 0.000000 0.000000
0.250000 0.000000 0.000000
-0.050000 0.000000 0.000000
0.500000 0.000000 0.000000
0.100000 0.000000 0.000000
0.050000 0.005503 0.000000
0.300000 0.000000 0.000000
-0.250000 0.000000 0.000000
0.150000 0.001501 0.000000
0.250000 -0.001999 0.000000
0.050000 0.000000 0.000000
0.300000 0.000000 0.000000
-0.150000 0.000000 0.000000
0.000000 0.000000 0.000000
0.000000 0.000000 0.000000
-0.200000 0.000000 0.000000
-0.500000 0.000000 0.000000
-0.050000 0.003001 0.000000
0.200000 0.001499 0.000000
0.000000 0.000000 0.000000
0.350000 0.000000 0.000000
-0.150000 0.001500 0.000000
-0.650000 -0.003001 0.000000
0.450000 -0.003502 0.000000
-0.550000 -0.007001 0.000000
0.050000 0.000000 0.000000
0.400000 0.000000 0.000000
-0.100000 0.000000 0.000000
-0.500000 0.000000 0.000000
0.500000 0.000000 0.000000
0.100000 0.000000 0.000000
0.100000 -0.001000 0.000000
-0.150000 0.000000 0.000000
0.300000 0.000000 0.000000
-0.150000 0.000000 0.000000
-0.650000 0.000000 0.000000
0.150000 -0.006500 0.000000
0.500000 0.000000 0.000000
0.250000 0.007002 0.000000
-0.350000 0.000000 0.000000
-0.250000 0.001500 0.000000
-0.600000 -0.004500 0.000000
-0.100000 0.000000 0.000000
0.200000 -0.006501 0.000000
-0.650000 -0.000505 0.000000
-0.400000 0.000000 0.000000
-0.700000 0.000000 0.000000
0.000000 0.000500 0.000000
-1.000000 0.000000 0.000000
0.050000 0.002999 0.000000
0.450000 0.000000 0.000000
0.650000 0.000000 0.000000
0.350000 0.001000 0.000000
-0.250000 0.000000 0.000000
-0.150000 0.000000 0.000000
-0.450000 0.000000 0.000000
-0.200000 -0.003001 0.000000
-0.400000 0.000000 0.000000
-0.600000 0.000000 0.000000
0.150000 0.000000 0.000000
-1.050000 0.000500 0.000000
-0.050000 0.000000 0.000000
0.150000 0.000000 0.000000
-0.100000 0.000000 0.000000
0.700000 -0.000500 0.000000
0.000000 -0.003000 0.000000
-0.200000 0.000000 0.000000
-0.200000 0.004000 0.000000
0.550000 0.000000 0.000000
-0.050000 0.005499 0.000000
0.200000 0.000000 0.000000
-0.250000 0.006000 0.000000
0.100000 0.000502 0.000000
0.050000 0.000000 0.000000
0.050000 0.001500 0.000000
-0.500000 0.000000 0.000000
-0.100000 0.000000 0.000000
0.150000 0.000000 0.000000
-0.850000 0.003000 0.000000
0.000000 0.000000 0.000000
-0.200000 0.000000 0.000000
0.000000 0.001500 0.000000
0.000000 0.000000 0.000000
-0.350000 0.002000 0.000000
0.000000 0.000000 0.000000
-0.150000 0.000000 0.000000
-0.350000 0.000000 0.000000
0.550000 -0.002500 0.000000
-0.450000 0.000000 0.000000
-0.400000 0.000000 0.000000
-0.800000 0.000000 0.000000
-0.050000 0.000000 0.000000
0.100000 -0.001501 0.000000
-0.450000 0.000000 0.000000
-0.050000 0.000000 0.000000
0.000000 0.000000 0.000000
0.000000 -0.005001 0.000000
-0.200000 0.000000 0.000000
0.000000 0.000000 0.000000
-0.250000 0.000000 0.000000
0.100000 0.000000 0.000000
0.000000 0.000000 0.000000
-0.100000 -0.001498 0.000000
0.100000 0.000000 0.000000
-0.050000 0.000000 0.000000
-0.850000 0.000000 0.000000
-0.350000 0.000000 0.000000
-0.150000 0.000000 0.000000
0.700000 0.000000 0.000000
0.450000 0.002499 0.000000
-0.050000 -0.004503 0.000000
0.150000 0.000000 0.000000
0.100000 0.000000 0.000000
0.350000 -0.001499 0.000000
0.450000 0.000000 0.000000
-0.100000 0.000000 0.000000
-0.250000 0.000000 0.000000
-0.200000 0.000000 0.000000
-0.050000 0.000000 0.000000
-0.650000 -0.001501 0.000000
-0.350000 -0.002002 0.000000
-5.605000 0.000000 0.000000
-0.100000 0.000000 0.000000
-0.350000 -0.006502 0.000000
-0.700000 0.000000 0.000000
0.700000 0.008001 0.000000
0.000000 0.000000 0.000000
0.400000 -0.006998 0.000000
0.600000 0.000000 0.000000
-0.750000 0.000000 0.000000
-0.050000 0.010502 0.000000
-0.200000 0.000000 0.000000
-0.050000 0.000000 0.000000
-0.100000 0.000000 0.000000
0.000000 0.000001 0.000000
0.350000 0.000000 0.000000
0.300000 0.000000 0.000000
0.500000 0.000000 0.000000
0.400000 0.000000 0.000000
1.100000 0.000000 0.000000
0.000000 0.000000 0.000000
0.200000 -0.005499 0.000000
-0.100000 0.000000 0.000000
-0.650000 0.000000 0.000000
-0.250000 0.000000 0.000000
-0.400000 0.000000 0.000000
-0.300000 0.005001 0.000000
-0.150000 -0.000500 0.000000
-0.700000 0.000000 0.000000
0.300000 0.000000 0.000000
0.000000 0.007501 0.000000
0.300000 0.000000 0.000000
0.350000 -0.011500 0.000000
0.050000 0.000000 0.000000
-0.050000 0.000000 0.000000
-0.250000 0.000000 0.000000
-0.050000 0.000000 0.000000
-0.550000 0.000000 0.000000
-0.350000 0.000000 0.000000
0.550000 -0.006001 0.000000
0.050000 0.000000 0.000000
0.100000 0.000000 0.000000
-0.350000 0.004000 0.000000
0.050000 0.000000 0.000000
-0.450000 0.000000 0.000000
0.150000 0.000000 0.000000
-5.897500 0.000000 0.000000
-0.350000 0.000000 0.000000
0.650000 0.000000 0.000000
-0.150000 0.000000 0.000000
0.050000 0.000000 0.000000
0.350000 0.000000 0.000000
0.100000 0.000000 0.000000
0.050000 0.003496 0.000000
0.150000 0.000000 0.000000
-0.050000 0.000000 0.000000
-0.100000 0.000000 0.000000
-0.450000 0.000000 0.000000
0.000000 0.009497 0.000000
-0.400000 0.000000 0.000000
-6.280000 0.000000 0.000000
-0.700000 0.000000 0.000000
0.200000 0.000000 0.000000
0.750000 0.000000 0.000000
-0.250000 0.000000 0.000000
-0.150000 0.000000 0.000000
-0.150000 0.000000 0.000000
-0.150000 0.000000 0.000000
-0.050000 0.000000 0.000000
0.150000 0.000000 0.000000
-0.700000 0.005998 0.000000
-0.200000 0.000000 0.000000
0.000000 0.010500 0.000000
-0.200000 0.003500 0.000000
-0.700000 0.000000 0.000000
-0.700000 0.000000 0.000000
0.150000 0.000000 0.000000
0.000000 0.005001 0.000000
-0.100000 0.000000 0.000000
-0.850000 0.000000 0.000000
-0.150000 -0.004500 0.000000
-0.050000 0.000000 0.000000
0.200000 0.000000 0.000000
0.650000 0.000000 0.000000
-0.250000 0.000002 0.000000
-0.450000 -0.001497 0.000000
-0.700000 0.002000 0.000000
0.000000 0.011999 0.000000
-0.050000 0.000000 0.000000
0.550000 0.000000 0.000000
0.250000 0.000000 0.000000
-1.050000 0.000000 0.000000
0.050000 0.000000 0.000000
0.250000 0.000000 0.000000
0.300000 0.004499 0.000000
0.100000 0.000000 0.000000
0.150000 0.000000 0.000000
0.300000 0.000000 0.000000
0.350000 -0.004501 0.000000
0.500000 0.000000 0.000000
-0.350000 0.000000 0.000000
-0.350000 0.000000 0.000000
0.650000 -0.010501 0.000000
-0.700000 0.000000 0.000000
0.050000 0.000499 0.000000
-0.050000 -0.015001 0.000000
-0.550000 -0.002001 0.000000
0.200000 0.000000 0.000000
0.550000 0.000000 0.000000
-0.550000 0.000000 0.000000
-0.450000 0.000000 0.000000
-0.500000 0.000000 0.000000
-0.050000 0.000000 0.000000
-0.550000 0.000000 0.000000
0.100000 -0.007498 0.000000
0.650000 0.000000 0.000000
-0.250000 -0.002500 0.000000
-0.100000 -0.002997 0.000000
0.250000 0.004002 0.000000
0.250000 0.000000 0.000000
0.750000 0.000000 0.000000
0.250000 0.000000 0.000000
-0.750000 0.000000 0.000000
0.500000 -0.004502 0.000000
0.250000 -0.001501 0.000000
0.000000 0.000000 0.000000
0.000000 0.000000 0.000000
0.350000 0.008001 0.000000
0.050000 0.000000 0.000000
0.550000 0.000000 0.000000
-0.150000 0.000000 0.000000
-0.300000 0.000000 0.000000
-6.165000 0.000000 0.000000
-0.100000 0.000000 0.000000
0.700000 0.000000 0.000000
0.250000 0.000000 0.000000
0.250000 0.000000 0.000000
0.450000 0.000000 0.000000
0.300000 0.000000 0.000000
0.100000 0.000000 0.000000
0.050000 0.000000 0.000000
-0.100000 0.000000 0.000000
-0.250000 0.000000 0.000000
0.650000 0.000501 0.000000
0.300000 0.004501 0.000000
0.200000 0.011593 0.000000
-0.100000 0.000000 0.000000
-0.300000 0.000000 0.000000
-0.600000 0.003000 0.000000
0.100000 0.001500 0.000000
-0.650000 0.002501 0.000000
-0.150000 0.000000 0.000000
0.000000 -0.001001 0.000000
0.450000 -0.003500 0.000000
-0.200000 0.000000 0.000000
0.200000 0.000000 0.000000
0.250000 -0.005498 0.000000
0.200000 0.000000 0.000000
-0.350000 -0.000499 0.000000
0.000000 0.000000 0.000000
0.000000 0.000000 0.000000
0.250000 -0.002001 0.000000
-0.100000 0.000000 0.000000
-0.450000 0.000000 0.000000
-0.050000 0.000000 0.000000
0.100000 -0.001499 0.000000
-0.150000 0.000000 0.000000
0.300000 -0.008500 0.000000
-0.050000 0.005002 0.000000
0.450000 0.000000 0.000000
0.200000 0.000000 0.000000
-0.550000 0.000000 0.000000
0.100000 0.000000 0.000000
0.250000 0.000000 0.000000
-0.400000 0.000000 0.000000
0.250000 0.000000 0.000000
0.100000 0.000000 0.000000
0.400000 0.000000 0.000000
-0.050000 0.000000 0.000000
0.100000 0.000000 0.000000
0.150000 0.000000 0.000000
0.100000 -0.004499 0.000000
-0.050000 0.000998 0.000000
0.000000 0.000000 0.000000
-0.150000 0.000000 0.000000
-8.845000 0.000000 0.000000
-0.050000 0.000000 0.000000
-0.300000 0.000000 0.000000
0.000000 -0.002501 0.000000
0.100000 0.000000 0.000000
-0.650000 0.000000 0.000000
-0.300000 0.000000 0.000000
-0.450000 0.000000 0.000000
-0.050000 0.000000 0.000000
0.200000 -0.002500 0.000000
0.450000 0.000000 0.000000
0.550000 0.000000 0.000000
-0.150000 0.000000 0.000000
0.050000 0.004998 0.000000
-0.050000 0.000000 0.000000
-0.250000 0.000000 0.000000
0.100000 0.006500 0.000000
-0.250000 0.000998 0.000000
-0.100000 0.004998 0.000000
-0.750000 0.002000 0.000000
0.000000 0.000000 0.000000
-0.100000 0.004999 0.000000
-0.650000 0.000000 0.000000
-0.650000 0.000000 0.000000
0.000000 0.000000 0.000000
0.150000 0.001999 0.000000
0.150000 0.000000 0.000000
-0.150000 0.000000 0.000000
-0.150000 -0.003001 0.000000
-0.550000 0.000000 0.000000
-0.050000 0.000000 0.000000
0.400000 0.000000 0.000000
0.700000 0.000000 0.000000
-0.050000 0.000000 0.000000
0.200000 0.000000 0.000000
0.150000 0.000000 0.000000
-0.200000 0.003000 0.000000
0.050000 0.000000 0.000000
0.450000 -0.009500 0.000000
0.150000 0.000000 0.000000
-0.050000 0.000000 0.000000
-0.100000 0.000000 0.000000
0.300000 -0.001500 0.000000
0.650000 0.000000 0.000000
0.700000 0.000000 0.000000
0.700000 -0.000501 0.000000
-0.200000 0.000000 0.000000
-0.450000 0.000000 0.000000
0.350000 0.000000 0.000000
0.050000 0.006998 0.000000
0.550000 0.000000 0.000000
0.050000 0.000000 0.000000
-0.100000 0.001501 0.000000
-0.300000 0.000000 0.000000
-0.750000 0.000000 0.000000
0.250000 0.000000 0.000000
0.250000 0.000000 0.000000
0.750000 0.001999 0.000000
-6.307500 -0.001501 0.000000
-0.250000 -0.001501 0.000000
0.500000 0.000000 0.000000
-0.800000 0.006500 0.000000
-0.050000 0.000000 0.000000
0.150000 0.000000 0.000000
-0.500000 0.000000 0.000000
-0.100000 -0.001998 0.000000
-0.950000 0.000000 0.000000
-0.450000 -0.003000 0.000000
-0.750000 -0.001500 0.000000
-0.550000 0.000000 0.000000
-0.750000 0.000000 0.000000
0.100000 0.000000 0.000000
0.200000 0.000000 0.000000
-0.050000 0.000000 0.000000
0.500000 0.000000 0.000000
1.100000 0.000000 0.000000
0.050000 0.000000 0.000000
-0.250000 0.000000 0.000000
-0.050000 0.001500 0.000000
0.100000 0.004502 0.000000
-0.400000 0.000000 0.000000
0.450000 0.000000 0.000000
0.050000 0.000000 0.000000
0.700000 0.000000 0.000000
0.300000 0.001002 0.000000
-0.050000 0.000000 0.000000
0.100000 0.000000 0.000000
0.650000 0.000000 0.000000
0.050000 0.001500 0.000000
0.200000 0.000000 0.000000
-0.250000 0.005001 0.000000
0.250000 -0.002998 0.000000
0.100000 0.000000 0.000000
-0.250000 0.000000 0.000000
-0.050000 0.007998 0.000000
0.150000 0.006999 0.000000
0.550000 0.000000 0.000000
-0.100000 0.000000 0.000000
-0.200000 0.000000 0.000000
-0.450000 0.003499 0.000000
-0.750000 0.000000 0.000000
0.600000 0.000000 0.000000
-0.600000 0.000000 0.000000
0.250000 0.000000 0.000000
0.350000 0.000000 0.000000
0.200000 0.000000 0.000000
0.100000 0.004498 0.000000
0.300000 0.000002 0.000000
0.550000 0.000000 0.000000
0.550000 0.003000 0.000000
-0.200000 0.000000 0.000000
-0.050000 -0.003917 0.000000
-5.632500 0.000000 0.000000
-0.950000 -0.001000 0.000000
0.100000 0.000000 0.000000
-0.550000 0.008003 0.000000
-0.050000 0.000000 0.000000
0.750000 -0.006499 0.000000
0.500000 0.000000 0.000000
1.100000 -0.006502 0.000000
0.050000 0.000000 0.000000
0.050000 0.000000 0.000000
0.050000 -0.002998 0.000000
0.200000 0.000000 0.000000
0.400000 -0.007999 0.000000
-0.450000 0.000499 0.000000
0.450000 0.000000 0.000000
0.150000 0.000000 0.000000
-0.550000 0.000000 0.000000
0.050000 0.000000 0.000000
-5.870000 0.000000 0.000000
-0.400000 0.000000 0.000000
-0.100000 -0.004998 0.000000
0.150000 -0.001998 0.000000
0.050000 0.000000 0.000000
0.150000 0.000000 0.000000
0.000000 0.000000 0.000000
-0.300000 0.004000 0.000000
0.150000 0.000000 0.000000
-7.890000 -0.002500 0.000000
0.200000 0.000000 0.000000
0.150000 0.000000 0.000000
-0.800000 0.001501 0.000000
0.150000 0.000000 0.000000
0.250000 0.000000 0.000000
0.300000 -0.009497 0.000000
-0.850000 -0.001999 0.000000
0.200000 0.000000 0.000000
-0.400000 0.000000 0.000000
0.350000 -0.002501 0.000000
-0.300000 0.002003 0.000000
0.200000 0.004499 0.000000
-0.250000 0.000000 0.000000
-0.600000 0.002999 0.000000
0.250000 0.000000 0.000000
-0.250000 -0.000001 0.000000
-0.400000 0.000000 0.000000
0.350000 0.000000 0.000000
-0.700000 0.003499 0.000000
0.000000 0.000000 0.000000
0.100000 0.000000 0.000000
-0.050000 0.000000 0.000000
0.200000 0.004498 0.000000
0.600000 0.007500 0.000000
-0.150000 0.000000 0.000000
0.000000 0.000000 0.000000
0.000000 0.000000 0.000000
-0.050000 -0.005501 0.000000
0.450000 0.000000 0.000000
0.550000 0.001501 0.000000
-0.150000 0.000000 0.000000
-0.100000 0.000000 0.000000
-0.200000 0.000000 0.000000
0.700000 0.000000 0.000000
-0.250000 0.000000 0.000000
0.600000 -0.000501 0.000000
-0.050000 0.000000 0.000000
-0.950000 0.000000 0.000000
0.050000 -0.006498 0.000000
0.300000 0.000000 0.000000
0.300000 0.000000 0.000000
-0.200000 0.000000 0.000000
0.750000 -0.001999 0.000000
-0.700000 0.000000 0.000000
-0.350000 0.000000 0.000000
-0.200000 0.000000 0.000000
0.300000 0.000000 0.000000
0.300000 -0.007002 0.000000
0.200000 0.000000 0.000000
0.150000 0.000000 0.000000
0.250000 -0.004498 0.000000
0.350000 0.000000 0.000000
-0.450000 0.000000 0.000000
0.550000 0.001000 0.000000
0.650000 0.003998 0.000000
0.150000 0.000000 0.000000
-0.350000 0.000000 0.000000
-0.050000 0.000000 0.000000
-1.000000 -0.000500 0.000000
0.600000 0.000000 0.000000
0.350000 0.000000 0.000000
0.150000 0.000000 0.000000
0.000000 0.000000 0.000000
-0.600000 0.000000 0.000000
-0.750000 0.000000 0.000000
0.000000 0.000000 0.000000
-6.252500 0.000000 0.000000
-0.050000 0.000000 0.000000
0.100000 0.000000 0.000000
-0.350000 0.000000 0.000000
0.150000 -0.001500 0.000000
0.200000 0.000000 0.000000
-0.100000 0.000000 0.000000
0.150000 -0.008499 0.000000
-0.250000 0.000000 0.000000
0.050000 0.000000 0.000000
-0.100000 -0.007497 0.000000
-0.050000 0.000000 0.000000
-0.600000 0.000000 0.000000
0.150000 0.000000 0.000000
-0.600000 0.000000 0.000000
-0.050000 0.000000 0.000000
-0.300000 0.000000 0.000000
0.000000 0.010999 0.000000
0.100000 0.002000 0.000000
-0.450000 -0.003000 0.000000
-0.200000 -0.001501 0.000000
-0.300000 0.000000 0.000000
0.050000 0.000000 0.000000
0.750000 0.000000 0.000000
-0.050000 0.001998 0.000000
-0.150000 0.000000 0.000000
0.150000 -0.005000 0.000000
-0.700000 0.000000 0.000000
-0.450000 0.002000 0.000000
-0.100000 0.000000 0.000000
-0.300000 0.000000 0.000000
-0.150000 0.000000 0.000000
0.000000 0.000000 0.000000
0.350000 0.006002 0.000000
0.500000 -0.001499 0.000000
-0.250000 0.000000 0.000000
0.000000 -0.014502 0.000000
0.100000 0.000000 0.000000
0.100000 0.006498 0.000000
0.400000 0.000000 0.000000
-0.750000 0.000000 0.000000
0.650000 -0.005503 0.000000
-5.925000 -0.004000 0.000000
0.550000 0.000000 0.000000
0.550000 0.000000 0.000000
-0.400000 -0.000500 0.000000
0.150000 0.001501 0.000000
-6.225000 0.000000 6.254516
-5.350000 -0.004500 5.975134
-5.750000 0.000000 5.831895
-5.950000 0.000000 5.686846
-6.450000 0.005499 6.214036
-5.850000 0.002501 6.260293
-6.050000 0.000000 6.062781
-6.550000 0.000000 6.086944
-6.200000 -0.005001 6.167984
-6.400000 0.009503 6.373375
-5.850000 0.000000 5.754095
-5.800000 0.000000 6.144748
-6.000000 -0.002002 5.762528
-6.100000 0.000000 6.138308
-6.800000 0.004999 6.254101
-5.700000 -0.003000 5.965810
-5.515000 -0.005999 6.128305
-5.750000 0.000000 5.736926
-6.600000 0.000000 6.237560
-5.700000 -0.000500 6.277168
-5.650000 0.000000 5.787412
-6.100000 0.000000 6.353477
-6.450000 0.000000 6.291483
-5.850000 0.000000 6.188008
-5.900000 0.000000 5.799609
-6.120000 0.000000 6.196548
-6.300000 0.000000 6.364339
-5.600000 0.003501 5.834497
-6.800000 0.000000 6.105193
-6.450000 0.000000 6.381886
-6.250000 0.004999 6.165644
-6.550000 0.000000 6.358463
-5.850000 0.000000 6.202642
-5.150000 0.001501 5.602339
-6.400000 0.000000 6.334543
-5.552500 0.000000 5.904929
-6.550000 0.000000 6.149385
-5.950000 0.000000 5.737319
-5.700000 0.000000 6.308752
-5.900000 -0.001499 5.915261
-6.350000 0.000000 6.206532
-6.900000 0.003999 6.354757
-6.950000 0.000000 6.358437
-6.550000 0.000000 5.841028
-5.450000 0.004500 5.914390
-6.200000 0.000000 5.975005
-6.200000 0.000000 6.310125
-6.450000 0.000000 6.350996
-5.675000 0.000000 6.110652
-6.312500 -0.000497 6.235857
-6.252500 0.000000 6.261652
-6.100000 0.000000 6.169366
-5.450000 0.000000 5.842386
-5.550000 0.000000 5.672849
-6.450000 0.000000 6.292150
-5.700000 0.000498 5.566092
-6.200000 -0.001499 6.034031
-6.050000 0.000000 5.928821
-5.800000 0.000000 6.019093
-5.850000 0.005502 6.148206
-5.850000 0.000000 5.992771
-5.950000 -0.001999 5.733875
-6.050000 0.000000 5.964076
-5.842500 0.000000 6.080623
-5.750000 0.000000 5.823512
-5.750000 0.000000 6.042998
-5.580000 0.000000 5.978352
-6.450000 0.000000 6.162015
-6.200000 0.000000 6.179596
-6.250000 0.000000 5.991585
-6.800000 0.000000 6.093022
-5.647500 0.000000 6.094066
-5.650000 0.000000 5.749037
-5.600000 0.000000 5.962366
-6.450000 0.000000 6.282317
-1.850000 0.000000 5.310013
-6.100000 0.000000 6.309529
-5.650000 0.000000 5.765261
-6.400000 0.000000 6.194943
-5.950000 0.000000 6.117172
-5.350000 0.002999 5.759537
-5.895000 0.000000 6.057673
-5.700000 0.000000 5.793082
-6.650000 0.000000 6.030598
-5.900000 0.000000 5.763783
-6.350000 0.000000 6.357224
-6.050000 0.000000 5.861660
-7.050000 0.000000 6.316984
-5.950000 0.004499 5.716459
-5.950000 0.000000 6.138154
-6.105000 0.000000 6.149750
-6.300000 0.001999 6.195936
-6.900000 0.000000 6.329467
-6.550000 0.011001 6.319481
-5.650000 0.000000 5.768915
-6.450000 0.000000 6.304702
-6.800000 0.000000 6.216528
-6.450000 0.000000 6.177608
-5.700000 0.000000 6.254158
-5.847500 0.000000 5.838380
-6.350000 0.000000 6.114030
-5.850000 0.000000 6.105894
-6.450000 0.000000 6.204163
-5.850000 -0.006500 6.176800
-6.200000 -0.001999 6.343680
-6.400000 0.000000 6.365093
-6.200000 0.000000 6.207504
-5.867500 0.000000 6.042871
-5.607500 0.008501 6.025594
-1.850000 0.000000 5.409369
-5.600000 0.000000 5.729145
-5.650000 0.000000 5.786079
-5.700000 0.000000 5.531150
-5.800000 -0.002501 6.139893
-6.450000 0.000000 6.146132
-6.900000 0.000000 6.344849
-5.600000 0.000000 5.746114
-6.200000 0.000000 6.167778
-5.850000 0.000000 5.649845
-6.350000 0.000000 6.201773
-5.850000 0.002000 5.758302
-6.350000 -0.003999 6.170966
-6.050000 0.000000 6.301821
-6.350000 0.000000 6.180925
-5.800000 0.000000 6.152330
-6.000000 0.000000 5.771078
-6.450000 -0.003499 6.142434
-6.050000 0.000000 5.891698
-5.800000 -0.003000 5.722194
-2.150000 0.003000 5.195467
-6.350000 0.000000 6.123782
-5.850000 0.000000 5.721138
-6.450000 0.000000 6.303902
-6.650000 -0.001501 6.010070
-5.450000 -0.002000 5.802824
-6.800000 -0.001498 6.195905
-5.700000 0.000000 5.980613
-6.950000 0.000000 6.358029
-6.100000 -0.008499 6.248651
-5.850000 0.001501 6.216635
-5.600000 0.000000 5.813212
-5.870000 -0.003500 6.084147
-6.150000 0.000000 5.831611
-5.350000 0.000000 5.955091
-5.850000 0.009000 5.769906
-6.750000 0.000000 6.339236
-6.400000 0.004500 6.352775
-6.600000 0.000000 6.248593
-5.877500 -0.003001 6.210443
-6.100000 -0.004500 6.151860
-6.285000 0.000001 6.095868
-6.000000 0.000000 5.773344
-6.100000 -0.001500 6.128685
-6.230000 0.000000 6.117711
-6.250000 -0.005999 5.973699
-6.100000 0.000000 6.137878
-6.050000 -0.004000 6.234284
-5.900000 -0.001500 5.759684
-6.350000 0.000000 6.169723
-5.800000 0.000000 6.132016
-5.800000 0.001500 5.750987
-6.400000 0.000000 6.178928
-5.950000 0.000000 5.934219
-6.250000 0.000000 6.015761
-6.350000 -0.001500 6.355169
-6.250000 0.000000 5.987803
-5.600000 0.000000 5.957852
-6.150000 0.000000 6.398878
-5.820000 0.000000 5.843126
-5.950000 0.000000 5.710317
-6.650000 0.000000 6.234688
-6.050000 0.000000 6.299785
-6.550000 -0.007001 6.296723
-6.412500 0.000000 6.082894
-5.650000 0.003500 5.782256
-5.950000 0.000000 5.752847
-5.750000 0.000000 5.755194
-6.200000 0.001001 6.313794
-6.150000 0.000000 6.319351
-6.800000 0.000000 6.245744
-6.550000 0.000000 6.112497
-5.950000 0.000000 5.708447
-6.350000 0.000000 6.137090
-6.550000 0.000000 6.162318
-5.400000 0.000000 5.883372
-6.147500 0.003500 6.231693
-6.450000 0.016502 6.418144
-5.100000 0.000000 5.877684
-6.750000 -0.010002 6.253577
-6.000000 0.000000 6.206478
-5.600000 0.000000 5.779960
-6.100000 -0.001501 6.149651
-6.250000 0.000000 6.138092
-5.500000 0.000000 5.769592
-6.350000 -0.005500 6.152062
-5.900000 0.000000 6.131390
-5.390000 -0.006000 6.036131
-6.150000 0.000000 6.333496
-6.150000 -0.007000 6.352643
-6.050000 0.000499 6.213705
-6.800000 0.000000 6.241293
-6.450000 -0.013001 6.276472
-6.100000 0.008500 6.389885
-5.850000 0.000000 6.080708
-6.550000 0.000000 6.255137
-6.200000 0.000000 5.976543
-6.550000 0.003499 6.164872
-5.200000 -0.002001 5.834534
-5.850000 0.000000 6.170783
-5.800000 0.000000 5.744247
-5.150000 0.000000 5.574922
-6.077500 0.000000 6.157391
-5.900000 0.000000 5.784943
-5.950000 0.001000 6.149998
-6.600000 -0.001502 6.222117
-5.500000 0.000000 5.769659
-6.400000 0.001499 6.199023
-6.300000 0.000000 6.173643
-5.900000 0.000000 5.793777
-6.450000 -0.002000 6.288126
-6.010000 0.000000 6.070691
-6.950000 0.003499 6.344949
-6.200000 -0.000499 6.197614
-6.500000 0.000000 5.994520
-5.900000 0.000999 5.801545
-5.850000 0.000000 6.064158
-5.875000 -0.002001 5.858633
-6.050000 0.000000 6.200616
-6.350000 0.000000 6.156613
-6.550000 -0.003001 6.067281
-5.850000 0.000000 5.740607
-6.350000 0.002000 6.118316
-5.650000 0.000000 5.753330
-5.150000 0.000000 5.999106
-6.350000 0.000000 6.130476
-6.200000 0.000000 6.294209
-5.460000 0.000000 6.132663
-6.000000 0.000000 6.180705
-6.250000 0.000000 5.997749
-6.500000 0.000000 5.984158
-5.900000 0.000000 5.904212
-6.400000 0.000000 6.328477
-6.250000 0.003500 6.000411
-5.700000 0.000000 5.971645
-5.700000 -0.001499 5.775894
-5.795000 0.000000 6.087783
-5.800000 0.000000 6.037807
-5.550000 -0.003000 5.690454
-5.900000 0.000000 5.758074
-6.280000 0.001000 6.265676
-6.550000 0.000000 6.319386
-6.950000 0.000000 6.202085
-6.100000 0.000000 6.351638
-6.800000 0.000000 6.378587
-5.150000 0.000000 5.577669
-6.150000 0.000000 6.379311
-5.822500 0.000000 6.001312
-5.900000 0.000000 6.276783
-6.550000 0.000000 6.287940
-5.900000 0.000000 6.114313
-5.700000 -0.000500 6.317482
-6.092500 0.000000 6.151541
-6.400000 0.000000 6.342863
-6.650000 0.001000 5.978419
-5.967500 0.000000 6.090520
-6.350000 -0.002000 6.119917
-6.100000 0.000000 6.318573
-6.200000 0.000000 6.053754
-5.850000 0.000000 5.707163
-5.822500 0.000000 6.124393
-6.050000 0.000000 6.245910
-5.150000 0.000000 6.027175
-5.900000 0.000000 5.800131
-5.700000 0.000000 6.303148
-6.200000 0.000000 6.046619
-6.467500 -0.003501 6.069882
-6.257500 0.000000 6.107456
-6.800000 0.000000 6.191563
-6.350000 0.000000 6.110876
-6.500000 0.000000 5.977600
-5.850000 0.004500 6.043887
-6.132500 -0.003002 6.141541
-5.850000 0.000000 6.240761
-6.450000 0.000000 6.305759
-6.300000 0.000000 6.151426
-6.000000 0.003999 6.213752
-6.800000 0.000000 6.349717
-6.200000 0.000001 5.980769
-6.550000 0.005000 5.888842
-5.815000 0.000000 6.083234
-6.100000 -0.001001 6.017204
-6.800000 0.002499 6.076651
-5.450000 0.000000 5.882143
-5.750000 0.000000 5.760690
-6.150000 -0.006502 6.319501
-5.850000 0.000000 5.747409
-6.800000 0.005500 6.379404
-6.300000 -0.013002 6.335927
-5.362500 0.000000 6.037133
-5.650000 0.000000 5.743016
-6.400000 -0.000500 6.175391
-5.450000 0.000000 5.796072
-5.800000 -0.004999 6.109507
-6.105000 -0.002500 6.050036
-5.900000 0.000000 5.900750
-5.200000 0.000000 5.815712
-5.750000 -0.004999 5.812952
-5.400000 -0.003999 5.844788
-5.350000 0.000000 5.711029
-5.650000 0.002000 5.821760
-6.650000 0.000000 5.995474
-6.285000 0.000000 6.259740
-5.550000 0.000000 5.677835
-6.100000 0.000000 6.190672
-5.922500 0.001498 6.064421
-5.650000 -0.001500 5.730847
-5.600000 -0.000500 5.939940
-7.050000 0.000000 6.273933
-6.050000 0.000000 5.908071
-5.995000 -0.007001 6.021049
-5.500000 -0.002999 5.764314
-5.950000 -0.002998 5.676836
-6.050000 -0.005002 5.859230
-6.900000 0.004500 6.307761
-6.550000 0.000000 5.868826
-6.000000 -0.006500 5.746527
-5.702500 -0.001999 6.118651
-6.050000 0.000000 5.952771
-5.900000 0.000000 5.988968
-6.400000 0.000000 6.186419
-6.650000 0.003500 6.239142
-6.100000 0.000000 6.128885
-6.350000 0.000000 6.358963
-6.050000 -0.003499 6.300194
-5.150000 0.001000 6.040284
-6.150000 -0.004499 5.789581
-6.100000 0.000000 6.138820
-6.100000 0.005500 6.361984
-5.335000 0.000000 6.045566
-5.850000 0.000000 6.097424
-6.050000 -0.007500 5.838983
-6.400000 0.000000 6.173873
-2.150000 0.000000 5.066339
-6.350000 0.002000 6.126857
-5.750000 0.006001 6.097724
-6.200000 0.000000 6.216149
-5.850000 -0.006000 5.686700
-5.950000 0.005500 5.977036
-6.750000 0.000000 6.282010
-6.650000 0.000000 6.055904
-6.900000 0.000000 6.303403
-5.700000 0.000000 5.799423
-1.850000 0.006002 5.483433
-5.200000 0.000000 5.834992
-6.037500 0.001002 6.079842
-6.257500 0.000000 6.265557
-5.800000 0.000000 5.731211
-5.700000 0.000000 5.551424
-5.400000 0.000000 5.862005
-6.100000 0.000000 5.983199
-6.150000 0.000000 5.809047
-5.850000 0.000000 6.020044
-6.250000 0.000000 6.157513
-5.850000 0.000000 6.218309
-6.000000 0.000000 5.760466
-5.800000 0.000000 6.114624
-5.940000 0.000000 6.184869
-6.077500 0.000000 6.052402
-6.900000 0.000000 6.291157
-5.700000 0.000000 6.240123
-5.900000 -0.003000 5.978856
-7.050000 -0.004998 6.264716
-6.440000 0.000000 6.068470
-6.300000 0.000000 6.412872
-5.950000 0.000000 5.961409
-5.900000 0.000000 6.290110
-6.950000 0.000502 6.168884
-5.350000 0.000000 5.938815
-6.100000 0.000000 6.290742
-5.650000 0.000000 5.736472
-5.900000 -0.001001 6.137444
-6.000000 0.000000 5.813514
-5.100000 -0.000001 5.888382
-6.200000 0.000000 6.352783
-6.050000 0.000000 5.963242
-6.450000 -0.002999 6.263566
-6.100000 0.000000 5.997349
-5.100000 0.000000 5.851913
-5.487500 0.000000 6.123012
-5.800000 0.000000 5.752880
-5.800000 0.000000 5.726357
-5.900000 0.000000 5.977757
-6.650000 0.000000 6.235494
-6.200000 0.000000 6.350058
-6.800000 0.005999 6.241279
-5.650000 -0.001500 5.810470
-5.982500 0.000000 6.056016
-6.100000 0.000000 6.276803
-6.950000 0.000000 6.177271
-5.900000 -0.002501 6.298524
-6.800000 0.000000 6.222982
-5.750000 0.000000 6.074970
-5.900000 -0.000001 5.772786
-5.450000 0.000000 5.795209
-5.800000 -0.006499 6.002778
-5.600000 -0.003500 5.729873
-6.650000 0.000000 5.982633
-6.050000 0.000000 6.177306
-5.350000 0.000000 5.739888
-6.800000 0.000000 6.255432
-0.950000 0.000000 1.109810
-1.300000 -0.001500 1.366282
-0.900000 -0.001500 1.068130
-1.250000 0.000000 1.615072
0.350000 -0.002000 0.004249
-1.250000 0.000000 1.281412
0.000000 0.000000 0.058721
0.300000 0.000000 0.137750
0.250000 0.006000 0.000000
-0.150000 -0.008000 0.121080
0.250000 0.000000 0.000000
-0.200000 0.000000 0.000000
-0.750000 0.000000 0.233094
0.050000 0.000000 0.190543
-1.050000 0.000000 0.458047
-0.450000 0.000000 0.152832
-0.400000 0.001500 0.451923
0.150000 0.000000 0.150119
-0.900000 0.000000 1.065749
-0.150000 0.000000 0.000000
-0.100000 -0.000001 0.000000
-0.450000 0.000000 0.191796
-0.950000 0.000000 1.471053
-1.650000 0.000000 2.443968
-0.200000 -0.006502 0.162441
-0.400000 0.000000 0.478326
-0.550000 0.000000 0.523705
-1.850000 0.004500 4.785312
-0.350000 0.000000 0.040543
-0.150000 0.000000 0.093525
-0.400000 0.000000 0.067317
0.150000 0.000000 0.037910
-0.300000 0.004000 0.503639
-0.200000 0.000000 0.000000
0.200000 0.000000 0.002068
0.650000 0.000000 0.000000
0.150000 0.000000 0.000000
-0.850000 0.000000 0.401099
0.450000 -0.006002 0.000000
-0.750000 0.000000 0.223337
-1.250000 0.000000 2.020349
-0.700000 0.001500 0.138943
0.200000 0.000000 0.000000
-0.450000 0.001500 0.476133
0.050000 0.000000 0.004975
0.150000 0.000000 0.000000
0.200000 0.000000 0.000000
-0.550000 0.000000 0.523395
0.400000 0.001000 0.021294
-1.300000 0.000000 1.346986
-0.850000 0.000000 2.866841
-1.250000 0.000000 1.962469
-0.450000 0.000000 0.031370
-0.700000 0.000000 0.504638
-0.750000 0.000000 0.219997
-0.300000 0.000000 0.594350
-0.250000 0.000000 0.067356
-1.200000 0.004500 2.390423
-0.700000 0.000000 0.348977
0.500000 0.002500 0.088444
-0.450000 0.000000 0.017214
-0.450000 0.001093 0.145757
-0.800000 -0.006000 0.706989
0.550000 0.000000 0.005471
0.100000 0.000000 0.020515
0.500000 0.000000 0.000000
-0.350000 0.000000 0.401906
-0.450000 0.000000 0.489689
-1.300000 0.000000 1.714693
0.200000 0.000000 0.000000
0.050000 0.000000 0.000000
0.200000 0.000000 0.000000
0.200000 0.000000 0.020288
-0.300000 0.000000 0.591383
-0.450000 0.000000 0.506618
-0.250000 0.000000 0.017576
0.050000 0.000000 0.000000
-0.350000 0.000000 0.009635
-0.050000 0.000000 0.053820
-1.000000 0.000000 0.399934
-0.650000 -0.003001 0.030587
0.450000 0.003000 0.000000
-0.350000 0.001500 0.468688
0.550000 0.000000 0.000000
-1.050000 0.000000 1.838949
-0.250000 0.003000 0.274718
-0.200000 0.000000 0.125278
-0.250000 0.000000 0.037777
-0.500000 -0.001000 0.474151
-0.300000 0.000000 0.008979
0.300000 0.000000 0.000000
0.800000 0.000000 0.000000
0.350000 0.000000 0.000000
0.100000 0.000000 0.288153
-0.650000 0.000000 0.789016
-0.650000 0.000000 0.759832
-0.100000 0.000000 0.005193
-1.050000 0.000000 1.872105
-0.400000 0.000000 0.453037
-0.300000 0.000000 0.095470
0.200000 0.000000 0.000000
-0.150000 -0.003000 0.351188
0.400000 -0.001500 0.000000
-0.200000 0.005002 0.000000
-0.500000 0.000000 0.035124
-0.050000 0.000000 0.000000
-0.650000 0.000000 0.580715
-0.950000 -0.003000 0.370661
-0.450000 0.000000 0.441481
0.100000 0.000000 0.024441
-0.650000 0.000000 0.573139
0.500000 0.001501 0.000000
0.350000 0.000000 0.000000
-0.250000 0.002999 0.047440
-0.100000 0.000000 0.038464
-1.900000 0.000000 3.360676
-1.050000 0.000000 0.934162
-0.200000 0.004500 0.048837
-0.250000 0.000000 0.235001
0.150000 0.000000 0.039430
0.050000 0.000000 0.000000
-0.250000 0.000000 0.404709
-0.600000 -0.005002 0.240552
-1.050000 0.000001 0.948320
-0.500000 0.000000 0.010551
0.450000 0.000000 0.005767
0.800000 0.003000 0.000000
0.500000 0.000000 0.000000
-0.200000 0.000000 0.162119
0.200000 0.000000 0.004574
-0.900000 0.000000 1.066247
-0.050000 0.005002 0.389068
-0.600000 -0.003500 0.000703
-0.350000 0.000000 0.263899
-0.550000 0.000000 0.861175
-0.450000 0.003000 0.739207
0.500000 0.000000 0.065467
-0.450000 0.000000 0.065558
-0.600000 0.000501 0.638387
0.250000 0.000000 0.029677
-0.450000 0.000000 0.183592
-0.850000 0.000000 0.358198
-0.550000 0.000000 0.187187
0.450000 0.000000 0.000000
-0.700000 0.000000 0.513986
-0.450000 -0.003500 0.455161
-0.850000 0.000000 0.380282
-0.250000 0.000000 0.193686
-0.350000 0.000000 0.442866
0.150000 0.000000 0.046227
