0 1 y
0.050000 0.000000 0.000000
0.000000 -0.004501 0.000000
-0.250000 0.000000 0.000000
0.700000 -0.000501 0.000000
0.700000 0.000000 0.000000
0.150000 0.007998 0.000000
0.150000 0.000000 0.000000
-0.200000 -0.003001 0.000000
-0.050000 0.000000 0.000000
0.200000 0.002001 0.000000
0.200000 0.011593 0.000000
-0.050000 -0.003917 0.000000
0.000000 0.000000 0.000000
0.050000 -0.014000 0.000000
0.050000 0.000000 0.000000
-0.350000 0.000000 0.000000
-0.150000 -0.001502 0.000000
-0.150000 0.000000 0.000000
-0.100000 0.000000 0.000000
0.450000 0.002999 0.000000
0.350000 -0.001499 0.000000
-0.400000 -0.001501 0.000000
0.150000 0.000000 0.000000
0.150000 0.000000 0.000000
-0.200000 -0.004500 0.000000
-0.200000 0.000000 0.000000
-0.350000 0.000000 0.000000
-0.250000 0.000000 0.000000
0.050000 0.000000 0.000000
0.300000 0.000000 0.000000
-0.350000 0.004999 0.000000
0.550000 -0.002500 0.000000
0.550000 0.000000 0.000000
-0.050000 0.005002 0.000000
-0.050000 0.001998 0.000000
-0.050000 0.000000 0.000000
0.100000 0.000000 0.000000
0.250000 0.000000 0.000000
0.250000 0.000000 0.000000
0.150000 0.000000 0.000000
0.050000 0.000499 0.000000
0.650000 0.003998 0.000000
0.650000 0.000000 0.000000
0.300000 0.000502 0.000000
0.000000 0.000000 0.000000
-0.050000 -0.015001 0.000000
-0.050000 0.000000 0.000000
0.000000 0.000000 0.000000
0.250000 0.004002 0.000000
0.300000 -0.009497 0.000000
-0.650000 -0.000505 0.000000
0.150000 0.000000 0.000000
0.000000 0.001500 0.000000
0.450000 -0.007496 0.000000
-0.050000 0.000000 0.000000
-0.150000 -0.003501 0.000000
-0.150000 0.000000 0.000000
-0.250000 0.000000 0.000000
0.250000 -0.004498 0.000000
-0.100000 -0.001998 0.000000
-0.100000 0.000000 0.000000
0.100000 0.000000 0.000000
0.000000 0.000000 0.000000
0.200000 0.000000 0.000000
0.100000 0.000000 0.000000
0.250000 -0.002000 0.000000
0.250000 0.000000 0.000000
-0.100000 0.000000 0.000000
-0.100000 0.000000 0.000000
0.000000 0.010500 0.000000
-0.200000 0.000000 0.000000
-0.150000 0.000000 0.000000
0.150000 -0.005000 0.000000
0.150000 0.000000 0.000000
0.300000 0.000000 0.000000
0.100000 0.000000 0.000000
-0.050000 -0.006000 0.000000
-0.050000 0.000000 0.000000
0.300000 0.000000 0.000000
0.750000 0.000000 0.000000
0.050000 0.000000 0.000000
0.550000 0.000000 0.000000
0.300000 0.000000 0.000000
0.300000 0.000000 0.000000
0.450000 0.000000 0.000000
0.150000 0.000000 0.000000
-0.100000 -0.004998 0.000000
-0.100000 0.000000 0.000000
-0.100000 0.000000 0.000000
0.300000 0.000000 0.000000
0.150000 0.000000 0.000000
0.000000 0.000000 0.000000
0.200000 -0.005499 0.000000
0.200000 0.000000 0.000000
0.300000 0.000000 0.000000
0.300000 0.000000 0.000000
0.000000 0.000000 0.000000
0.000000 0.000000 0.000000
0.300000 0.000000 0.000000
0.300000 0.000000 0.000000
-0.050000 0.000000 0.000000
0.150000 0.000000 0.000000
0.350000 0.000000 0.000000
0.350000 0.000000 0.000000
0.400000 -0.007999 0.000000
0.350000 0.000000 0.000000
0.650000 0.000501 0.000000
0.650000 0.000000 0.000000
0.200000 0.000000 0.000000
0.450000 0.000000 0.000000
0.050000 0.000000 0.000000
0.550000 0.003000 0.000000
0.700000 0.000000 0.000000
1.100000 0.000000 0.000000
1.100000 0.000000 0.000000
0.500000 0.000000 0.000000
0.450000 -0.002500 0.000000
0.250000 0.000000 0.000000
-0.050000 0.000000 0.000000
0.000000 0.000000 0.000000
0.050000 0.001500 0.000000
0.350000 0.000000 0.000000
0.100000 0.000000 0.000000
0.000000 0.000000 0.000000
0.300000 0.000000 0.000000
0.600000 0.007500 0.000000
0.600000 0.000000 0.000000
0.050000 0.000501 0.000000
0.650000 0.000000 0.000000
0.350000 0.000000 0.000000
0.150000 0.000000 0.000000
0.200000 0.001499 0.000000
0.400000 0.000000 0.000000
0.350000 0.008001 0.000000
0.350000 0.000000 0.000000
-0.100000 -0.006000 0.000000
0.400000 -0.006998 0.000000
0.400000 0.000000 0.000000
0.200000 0.004498 0.000000
0.200000 0.000000 0.000000
0.250000 0.000000 0.000000
0.500000 0.000000 0.000000
0.300000 0.000000 0.000000
0.650000 0.003501 0.000000
0.650000 0.000000 0.000000
0.700000 0.000000 0.000000
0.700000 0.000000 0.000000
-0.050000 -0.005501 0.000000
0.000000 0.007501 0.000000
0.000000 0.000000 0.000000
0.300000 0.000000 0.000000
0.300000 0.000000 0.000000
0.550000 0.000000 0.000000
0.000000 0.000000 0.000000
-0.100000 -0.002001 0.000000
0.150000 0.001501 0.000000
-0.050000 0.000000 0.000000
0.750000 0.000000 0.000000
0.150000 0.000000 0.000000
0.600000 -0.000501 0.000000
0.600000 0.000000 0.000000
-0.050000 0.000000 0.000000
-0.250000 0.000002 0.000000
-0.250000 0.000000 0.000000
-0.250000 0.000000 0.000000
-0.050000 0.003499 0.000000
0.150000 0.000000 0.000000
0.150000 0.000000 0.000000
-0.550000 0.000000 0.000000
-0.550000 0.000000 0.000000
-0.250000 0.000000 0.000000
-0.250000 0.000000 0.000000
-0.100000 0.000000 0.000000
-0.050000 0.000000 0.000000
-0.250000 0.000000 0.000000
0.000000 -0.000500 0.000000
0.000000 0.000000 0.000000
0.000000 0.000000 0.000000
-0.500000 0.000000 0.000000
-0.250000 0.000000 0.000000
0.100000 0.000502 0.000000
0.100000 0.000000 0.000000
-0.650000 0.000000 0.000000
-0.150000 -0.000500 0.000000
-0.450000 -0.003000 0.000000
-0.450000 0.000000 0.000000
-0.450000 0.000000 0.000000
-0.100000 -0.002500 0.000000
-0.700000 0.000000 0.000000
-0.150000 -0.002000 0.000000
-0.450000 0.000000 0.000000
-0.250000 0.000000 0.000000
-0.550000 0.000000 0.000000
-0.600000 0.000000 0.000000
-1.200000 0.000000 0.000000
-0.800000 0.000000 0.000000
-1.050000 0.000000 0.000000
-0.450000 0.000000 0.000000
-0.500000 0.000000 0.000000
-0.650000 0.002501 0.000000
-0.550000 0.002500 0.000000
-0.550000 0.000000 0.000000
-0.450000 0.000000 0.000000
-1.000000 0.000000 0.000000
-0.550000 0.000000 0.000000
-0.650000 0.000000 0.000000
-0.750000 0.001500 0.000000
-0.600000 -0.004500 0.000000
-0.600000 0.000000 0.000000
-0.850000 -0.003000 0.000000
-0.850000 -0.001999 0.000000
-0.500000 0.000000 0.000000
-0.700000 -0.001001 0.000000
-0.700000 0.000000 0.000000
-0.700000 -0.002002 0.000000
-0.250000 0.000000 0.000000
-0.200000 0.006000 0.000000
-0.350000 -0.003499 0.000000
-0.550000 -0.007001 0.000000
-0.550000 0.000000 0.000000
0.100000 0.000000 0.000000
-0.150000 0.000000 0.000000
-0.350000 -0.006502 0.000000
-0.450000 -0.006501 0.000000
0.450000 0.000000 0.000000
-0.400000 0.000000 0.000000
-0.400000 0.000000 0.000000
-0.650000 -0.003001 0.000000
-0.650000 0.000000 0.000000
-0.950000 -0.000498 0.000000
-0.300000 -0.009999 0.000000
-6.435000 0.000000 0.000000
-6.252500 0.000000 0.000000
-5.925000 -0.004000 0.000000
-5.660000 -0.005502 0.000000
-5.632500 0.000000 0.000000
-6.285000 0.000000 6.259740
-6.257500 0.000000 6.265557
-6.280000 0.001000 6.265676
-6.092500 0.000000 6.151541
-5.460000 0.000000 6.132663
-6.077500 0.000000 6.157391
-6.412500 0.000000 6.082894
-5.647500 0.000000 6.094066
-5.815000 0.000000 6.083234
-5.922500 0.001498 6.064421
-5.895000 0.000000 6.057673
-5.867500 0.000000 6.042871
-5.335000 0.000000 6.045566
-6.000000 -0.002002 5.762528
-6.000000 0.000000 5.773344
-6.150000 0.000000 5.809047
-6.050000 0.000000 5.928821
-6.050000 0.000000 5.952771
-6.050000 0.000000 5.964076
-6.050000 0.000000 5.861660
-6.250000 -0.005999 5.973699
-6.200000 -0.001499 6.034031
-6.200000 0.000000 6.046619
-6.550000 0.000000 6.112497
-6.650000 0.000000 5.982633
-6.200000 0.000000 5.975005
-6.500000 0.000000 5.977600
-6.500000 0.000000 5.994520
-6.650000 0.000000 6.030598
-6.800000 0.000000 6.093022
-6.350000 -0.002000 6.119917
-6.350000 0.000000 6.169723
-6.000000 0.003999 6.213752
-6.000000 0.000000 6.180705
-6.800000 0.004999 6.254101
-6.800000 0.000000 6.245744
-6.100000 0.000000 6.276803
-6.150000 -0.007000 6.352643
-6.150000 0.000000 6.379311
-6.150000 0.000000 6.398878
-6.950000 0.000000 6.358029
-6.450000 0.000000 6.350996
-6.450000 0.000000 6.350996
-6.800000 0.005500 6.379404
-6.550000 0.000000 6.287940
-6.750000 0.000000 6.282010
-6.100000 0.000000 6.351638
-6.100000 0.000000 6.309529
-5.700000 -0.000500 6.277168
-6.400000 0.000000 6.186419
-6.050000 0.000000 6.177306
-6.950000 0.000000 6.202085
-6.600000 -0.001502 6.222117
-6.600000 0.000000 6.237560
-6.450000 -0.002999 6.263566
-6.450000 0.000000 6.304702
-6.450000 -0.002000 6.288126
-6.550000 0.000000 6.319386
-6.550000 0.000000 6.358463
-6.150000 0.000000 6.319351
-6.350000 0.000000 6.358963
-6.900000 0.000000 6.344849
-6.050000 -0.003499 6.300194
-6.050000 0.000000 6.299785
-6.300000 0.001999 6.195936
-6.300000 0.000000 6.173643
-6.450000 0.000000 6.146132
-6.100000 -0.001500 6.128685
-6.100000 0.000000 6.128885
-6.100000 0.000000 6.190672
-6.400000 0.000000 6.194943
-6.400000 0.000000 6.178928
-6.100000 -0.001501 6.149651
-5.950000 0.001000 6.149998
-5.800000 -0.004999 6.109507
-5.900000 -0.001001 6.137444
-5.900000 0.000000 6.114313
-5.150000 0.000000 6.027175
-5.350000 0.000000 5.938815
-5.450000 0.000000 5.882143
-5.650000 -0.001500 5.810470
-5.650000 0.000000 5.786079
-5.900000 -0.001500 5.759684
-5.100000 -0.000001 5.888382
-5.100000 0.000000 5.877684
-5.650000 0.002000 5.821760
-5.600000 -0.003500 5.729873
-5.650000 0.000000 5.736472
-5.350000 0.000000 5.739888
-5.850000 0.000000 5.747409
-5.700000 -0.001499 5.775894
-5.900000 0.000000 5.799609
-5.650000 0.000000 5.743016
-6.000000 -0.006500 5.746527
-5.200000 0.000000 5.815712
-5.850000 0.009000 5.769906
-5.150000 0.001501 5.602339
-5.700000 0.000498 5.566092
-5.700000 0.000000 5.531150
-1.850000 0.000000 4.524354
-1.850000 0.002500 4.399107
-1.850000 0.003000 3.716557
-1.850000 0.000000 3.619924
-1.900000 0.000000 3.360676
-1.700000 -0.004499 3.218388
-1.700000 0.000000 3.127708
-0.850000 0.000000 2.976737
-1.650000 0.000000 2.443968
-1.650000 0.000000 2.443968
-1.200000 0.004500 2.390423
-1.150000 0.000000 2.172889
-1.050000 0.000000 1.872105
-1.200000 0.000000 1.578177
-0.950000 0.000000 1.471053
-0.950000 0.000000 1.435091
-0.950000 0.000000 1.405990
-1.300000 -0.001500 1.366282
-1.250000 0.000000 1.281412
-0.850000 0.000000 1.187770
-0.850000 0.000000 1.190568
-1.000000 0.000000 1.121897
-0.950000 0.000000 1.117095
-0.900000 0.000000 1.082011
-0.900000 0.000000 1.066247
-0.850000 0.005999 1.051243
-0.850000 0.000000 1.021356
-0.850000 0.000000 0.977181
-0.550000 0.000000 0.861175
-0.450000 0.003000 0.739207
-0.500000 0.000000 0.678444
-0.950000 0.000000 0.594490
-0.300000 -0.000999 0.595413
-0.300000 0.000000 0.591383
-0.650000 0.001499 0.586817
-0.450000 0.000000 0.465568
-0.350000 0.001500 0.468688
-0.350000 0.000000 0.460976
-1.050000 -0.003500 0.442121
-0.300000 0.000000 0.479059
-0.600000 0.000000 0.471283
-0.700000 -0.001501 0.494430
-0.450000 0.001999 0.518033
-0.600000 0.000000 0.462760
-0.600000 0.000000 0.452954
-0.250000 -0.003001 0.429817
-0.350000 -0.001001 0.403200
-0.350000 0.000000 0.400967
-0.150000 0.000000 0.274221
0.100000 -0.007001 0.260854
0.100000 0.000000 0.269626
0.050000 0.000000 0.247581
-0.200000 -0.006502 0.162441
0.650000 0.004501 0.192994
0.650000 0.000000 0.176570
-0.150000 0.000000 0.119002
-0.050000 0.000000 0.046547
0.250000 0.001001 0.038489
0.250000 0.000000 0.029677
-0.450000 -0.003501 0.000000
-0.450000 0.000000 0.015512
0.450000 0.000000 0.032775
0.450000 -0.003001 0.042668
0.100000 0.000000 0.000000
0.100000 0.000000 0.000000
0.500000 0.000000 0.000000
-0.100000 0.000000 0.000000
-0.250000 0.000000 0.000000
-0.250000 0.000000 0.002728
0.300000 -0.002000 0.024131
-0.050000 0.000000 0.000000
0.400000 0.000000 0.000000
0.250000 0.001001 0.000000
0.250000 0.000000 0.000000
0.300000 -0.003000 0.000000
0.300000 0.000000 0.000000
0.700000 0.000000 0.000000
0.100000 0.001501 0.000000
0.350000 0.000000 0.000000
0.300000 0.000000 0.000000
0.450000 0.000000 0.000000
-0.100000 0.000000 0.000000
0.100000 -0.000001 0.000000
0.750000 -0.007501 0.000000
0.800000 0.000000 0.000000
0.800000 0.000000 0.000000
0.500000 0.000000 0.000000
0.200000 0.000000 0.000000
-0.400000 0.000000 0.000000
-0.400000 0.000000 0.000000
0.150000 0.000000 0.032196
-0.200000 0.000000 0.125278
-0.200000 0.000000 0.000000
-0.100000 0.000000 0.038464
-0.300000 0.000000 0.017444
-0.300000 0.000000 0.014555
0.050000 0.000000 0.000000
0.050000 0.000000 0.000000
-0.500000 -0.005001 0.000000
-0.250000 0.000000 0.048172
0.000000 0.000000 0.058721
0.050000 0.004000 0.099923
-0.550000 0.001999 0.051579
-0.150000 -0.001500 0.050890
0.500000 0.002500 0.088444
0.050000 0.000000 0.000000
-0.100000 0.000000 0.036341
-0.200000 0.000000 0.000000
0.000000 -0.002500 0.000000
0.000000 0.000000 0.037602
-0.200000 0.000000 0.022747
0.000000 0.000000 0.019357
0.050000 0.000001 0.033752
-0.650000 0.000000 0.033567
-0.250000 0.000000 0.062278
-0.600000 -0.003500 0.000703
-0.600000 0.000000 0.012870
-0.300000 0.005500 0.061157
-0.200000 0.000000 0.073850
-0.050000 0.000000 0.088434
0.150000 0.000000 0.046227
-0.100000 0.000000 0.000000
-0.500000 0.000000 0.030807
-0.400000 0.001500 0.048237
-0.400000 0.000000 0.075062
0.400000 0.000000 0.080388
0.400000 0.000000 0.071762
-0.450000 -0.001500 0.067253
-0.450000 0.000000 0.066564
-0.650000 0.000000 0.046078
0.500000 0.005001 0.078431
-0.400000 0.000000 0.000000
-0.450000 0.000501 0.000000
-0.300000 0.000000 0.095470
-0.300000 0.000000 0.092530
-0.550000 0.000000 0.116786
-0.750000 -0.001500 0.175226
-0.250000 0.000000 0.261741
-0.750000 0.004002 0.227164
-0.750000 0.000000 0.225585
-0.900000 0.000000 0.227634
-0.600000 0.000000 0.349156
-0.850000 0.000000 0.328423
-0.550000 0.000000 0.331240
-0.550000 0.000000 0.337832
-0.850000 0.001500 0.354754
-0.850000 0.000000 0.358198
-0.400000 0.001500 0.451923
-0.500000 0.000000 0.443426
-0.500000 0.000000 0.439875
-0.250000 0.000000 0.404709
-0.850000 -0.001500 0.364514
-0.850000 0.000000 0.380282
-0.850000 0.000000 0.401099
-1.000000 0.000000 0.399934
-0.250000 0.000000 0.365821
-0.150000 -0.003000 0.351188
-0.250000 0.000000 0.286349
-0.750000 0.003000 0.243210
-0.250000 0.000000 0.216157
-0.250000 0.000000 0.184098
-0.550000 0.000861 0.185209
0.150000 0.000000 0.154574
-0.550000 0.000000 0.145203
0.300000 0.000407 0.149141
