0 1 y
0.050000 0.000000 0.000000
0.050000 0.000000 0.000000
0.250000 -0.001501 0.000000
0.500000 -0.001499 0.000000
0.500000 0.000000 0.000000
0.500000 0.000000 0.000000
-0.050000 0.003001 0.000000
-0.050000 0.000000 0.000000
0.000000 -0.004501 0.000000
0.000000 0.000000 0.000000
-0.250000 0.000000 0.000000
-0.250000 0.000000 0.000000
-0.150000 0.000000 0.000000
0.150000 0.000000 0.000000
-0.050000 0.000000 0.000000
-0.050000 0.000000 0.000000
0.200000 0.000000 0.000000
0.200000 0.000000 0.000000
0.200000 0.011593 0.000000
0.200000 0.000000 0.000000
-0.050000 -0.003917 0.000000
0.000000 0.009503 0.000000
0.000000 0.000000 0.000000
0.000000 0.000000 0.000000
0.050000 -0.014000 0.000000
0.050000 0.000000 0.000000
0.050000 0.000000 0.000000
0.100000 0.005499 0.000000
-0.350000 0.000000 0.000000
-0.150000 -0.001502 0.000000
-0.150000 0.000000 0.000000
0.150000 0.005999 0.000000
0.150000 0.000000 0.000000
0.450000 0.002999 0.000000
0.450000 0.000000 0.000000
0.450000 0.000000 0.000000
-0.150000 0.000000 0.000000
-0.150000 0.000000 0.000000
0.350000 -0.001499 0.000000
0.350000 0.000000 0.000000
-0.400000 -0.001501 0.000000
-0.300000 0.005001 0.000000
-0.300000 0.000000 0.000000
-0.200000 -0.004500 0.000000
0.450000 -0.009500 0.000000
0.450000 0.000000 0.000000
-0.100000 0.000000 0.000000
0.050000 0.004998 0.000000
0.050000 0.000000 0.000000
0.100000 0.000000 0.000000
0.100000 0.000000 0.000000
-0.250000 0.000000 0.000000
-0.150000 -0.004500 0.000000
-0.150000 0.000000 0.000000
0.050000 0.005503 0.000000
0.650000 -0.005503 0.000000
-0.350000 0.004999 0.000000
0.150000 0.000000 0.000000
0.550000 -0.002500 0.000000
-0.050000 0.000000 0.000000
-0.050000 0.001998 0.000000
-0.050000 0.000000 0.000000
-0.050000 0.000000 0.000000
0.100000 0.000000 0.000000
-0.300000 0.004000 0.000000
-0.300000 0.000000 0.000000
0.100000 0.004502 0.000000
0.250000 -0.009999 0.000000
0.250000 0.000000 0.000000
0.250000 0.000000 0.000000
0.150000 0.000000 0.000000
-0.050000 0.000000 0.000000
-0.050000 0.000000 0.000000
-0.100000 -0.007497 0.000000
-0.050000 0.000000 0.000000
-0.200000 -0.001501 0.000000
-0.350000 0.000000 0.000000
0.300000 0.000000 0.000000
0.000000 0.011999 0.000000
0.000000 0.000000 0.000000
-0.050000 0.000000 0.000000
0.000000 0.000000 0.000000
-0.650000 0.000000 0.000000
0.150000 0.000000 0.000000
0.150000 0.000000 0.000000
-0.050000 0.000000 0.000000
0.000000 0.000000 0.000000
0.000000 0.000000 0.000000
-0.050000 0.000000 0.000000
-0.050000 0.000000 0.000000
-0.150000 0.000000 0.000000
-0.150000 0.000000 0.000000
-0.250000 0.000000 0.000000
0.000000 0.000000 0.000000
0.250000 0.000000 0.000000
0.000000 0.000000 0.000000
-0.100000 -0.001998 0.000000
0.200000 0.000000 0.000000
0.100000 0.000000 0.000000
0.100000 0.000000 0.000000
-0.100000 0.000000 0.000000
0.100000 0.000000 0.000000
0.000000 0.000000 0.000000
-0.050000 0.000000 0.000000
0.200000 0.000000 0.000000
0.200000 0.000000 0.000000
0.200000 -0.001501 0.000000
0.450000 0.000000 0.000000
0.100000 0.000000 0.000000
0.100000 0.000000 0.000000
0.250000 -0.002000 0.000000
-0.100000 0.003501 0.000000
-0.100000 0.000000 0.000000
0.000000 0.000000 0.000000
0.000000 0.000000 0.000000
0.050000 0.002999 0.000000
0.050000 0.000000 0.000000
0.050000 0.000000 0.000000
0.050000 0.000000 0.000000
-0.200000 0.000000 0.000000
-0.150000 0.004000 0.000000
-0.150000 0.000000 0.000000
0.150000 0.000000 0.000000
0.150000 0.000000 0.000000
0.100000 0.006498 0.000000
0.100000 0.000000 0.000000
0.100000 0.000000 0.000000
-0.050000 0.000000 0.000000
-0.050000 0.000000 0.000000
0.200000 -0.002500 0.000000
0.200000 0.000000 0.000000
0.200000 0.000000 0.000000
0.750000 -0.001999 0.000000
0.750000 0.000000 0.000000
0.050000 0.003499 0.000000
0.050000 0.000000 0.000000
0.550000 0.000000 0.000000
0.100000 -0.004499 0.000000
0.100000 0.000000 0.000000
-0.050000 0.000000 0.000000
0.150000 -0.000500 0.000000
0.150000 0.000000 0.000000
0.150000 0.000000 0.000000
0.100000 0.000000 0.000000
-0.100000 0.000000 0.000000
-0.100000 0.000000 0.000000
0.300000 0.004501 0.000000
0.150000 -0.001501 0.000000
0.150000 0.000000 0.000000
0.150000 0.000000 0.000000
0.000000 0.005001 0.000000
0.000000 0.000000 0.000000
0.300000 0.000002 0.000000
0.050000 0.000000 0.000000
0.000000 0.001501 0.000000
0.000000 0.000000 0.000000
0.300000 0.000000 0.000000
-0.050000 0.000000 0.000000
-0.050000 0.000000 0.000000
0.150000 0.000000 0.000000
0.150000 0.000000 0.000000
0.350000 -0.002501 0.000000
0.700000 0.006499 0.000000
0.400000 -0.007999 0.000000
0.150000 0.006999 0.000000
0.350000 0.000000 0.000000
0.350000 0.000000 0.000000
0.350000 0.000000 0.000000
0.200000 -0.007998 0.000000
0.200000 0.000000 0.000000
0.200000 0.000000 0.000000
0.550000 0.001501 0.000000
0.550000 0.000000 0.000000
0.550000 0.000000 0.000000
0.050000 0.000000 0.000000
0.050000 0.000000 0.000000
0.550000 0.003000 0.000000
0.550000 0.000000 0.000000
0.100000 0.000000 0.000000
0.100000 0.000000 0.000000
0.350000 0.000000 0.000000
0.700000 0.000000 0.000000
0.700000 0.000000 0.000000
1.100000 0.000000 0.000000
0.500000 0.004502 0.000000
0.500000 0.000000 0.000000
0.450000 -0.002500 0.000000
0.250000 0.000000 0.000000
-0.050000 0.003499 0.000000
-0.050000 0.000000 0.000000
0.000000 0.000500 0.000000
0.050000 0.001500 0.000000
0.350000 0.000000 0.000000
0.350000 0.000000 0.000000
0.350000 0.000000 0.000000
0.350000 0.000000 0.000000
0.100000 0.001500 0.000000
-0.100000 -0.001498 0.000000
0.550000 0.000000 0.000000
0.000000 0.011498 0.000000
0.000000 0.000000 0.000000
-0.050000 -0.003501 0.000000
0.600000 0.007500 0.000000
0.600000 0.000000 0.000000
0.650000 -0.010501 0.000000
0.350000 0.005501 0.000000
0.350000 0.000000 0.000000
0.150000 0.010001 0.000000
0.200000 0.000000 0.000000
0.200000 0.000000 0.000000
0.750000 0.000000 0.000000
0.750000 0.000000 0.000000
0.050000 0.000000 0.000000
0.400000 0.000000 0.000000
0.350000 0.008001 0.000000
0.350000 0.000000 0.000000
0.200000 0.004499 0.000000
0.400000 -0.006998 0.000000
0.200000 0.004498 0.000000
0.200000 0.000000 0.000000
0.400000 0.000998 0.000000
0.500000 0.000000 0.000000
0.500000 0.000000 0.000000
0.050000 0.001500 0.000000
0.500000 0.000000 0.000000
0.500000 0.000000 0.000000
0.300000 -0.000499 0.000000
0.300000 0.000000 0.000000
0.250000 0.000000 0.000000
0.550000 0.000000 0.000000
0.000000 0.002000 0.000000
0.000000 -0.005001 0.000000
0.000000 0.000000 0.000000
0.000000 0.000000 0.000000
-0.150000 0.000000 0.000000
-0.100000 0.000000 0.000000
0.150000 0.000000 0.000000
-0.050000 0.000000 0.000000
-0.050000 0.000000 0.000000
0.150000 -0.001999 0.000000
-0.200000 0.000000 0.000000
-0.150000 0.000500 0.000000
0.000000 0.000000 0.000000
0.000000 0.000000 0.000000
0.600000 0.000000 0.000000
-0.050000 0.000000 0.000000
-0.250000 0.000000 0.000000
-0.050000 0.000000 0.000000
0.150000 -0.001500 0.000000
0.150000 0.000000 0.000000
0.000000 -0.003000 0.000000
0.000000 0.000000 0.000000
-0.250000 0.001500 0.000000
-0.250000 0.000000 0.000000
-0.100000 0.000000 0.000000
-0.050000 0.000000 0.000000
-0.050000 0.000000 0.000000
-0.200000 0.000501 0.000000
-0.200000 0.000000 0.000000
-0.400000 -0.000500 0.000000
-0.400000 0.000000 0.000000
-0.400000 0.000000 0.000000
-0.150000 -0.003001 0.000000
-0.250000 0.006000 0.000000
-0.150000 0.000000 0.000000
-0.150000 0.000000 0.000000
0.000000 -0.000500 0.000000
0.000000 0.000000 0.000000
0.000000 0.000000 0.000000
-0.100000 0.004999 0.000000
-0.100000 0.000000 0.000000
0.500000 -0.004999 0.000000
-0.200000 -0.002001 0.000000
-0.200000 0.000000 0.000000
-0.200000 0.000000 0.000000
0.100000 0.000502 0.000000
-0.650000 0.000000 0.000000
-0.200000 0.000000 0.000000
-0.150000 -0.000500 0.000000
-0.450000 0.000000 0.000000
-0.450000 0.000000 0.000000
-0.300000 0.000000 0.000000
-0.300000 0.000000 0.000000
0.000000 0.000997 0.000000
-0.100000 0.000000 0.000000
-0.150000 0.000000 0.000000
-0.250000 0.000000 0.000000
-0.350000 0.000000 0.000000
-0.450000 0.000000 0.000000
-0.450000 0.000000 0.000000
-0.450000 -0.001497 0.000000
-0.450000 0.000000 0.000000
-0.050000 -0.004503 0.000000
-0.050000 0.000000 0.000000
-0.050000 0.000000 0.000000
-0.550000 0.008003 0.000000
-0.550000 0.000000 0.000000
-0.550000 0.000000 0.000000
-0.550000 0.000000 0.000000
-0.600000 0.000000 0.000000
-0.600000 0.000000 0.000000
-0.350000 0.000000 0.000000
-1.200000 -0.002497 0.000000
-0.800000 0.000000 0.000000
-1.050000 0.000500 0.000000
-1.050000 0.000000 0.000000
-0.450000 0.000000 0.000000
-0.750000 0.000000 0.000000
-0.750000 0.000000 0.000000
-0.500000 0.000000 0.000000
-0.500000 0.000000 0.000000
-0.650000 0.002501 0.000000
-0.600000 0.002999 0.000000
-0.600000 0.000000 0.000000
-0.550000 0.000000 0.000000
-0.550000 0.000000 0.000000
-0.950000 0.000000 0.000000
-0.950000 0.000000 0.000000
-0.150000 0.000000 0.000000
-0.150000 0.000000 0.000000
-0.450000 0.000000 0.000000
-0.550000 0.000000 0.000000
-0.550000 0.000000 0.000000
-0.050000 0.000000 0.000000
-0.750000 0.000000 0.000000
-0.150000 0.000000 0.000000
-0.150000 0.000000 0.000000
-0.400000 0.000000 0.000000
-0.850000 -0.003000 0.000000
-0.850000 0.000000 0.000000
-0.750000 0.000000 0.000000
-0.500000 -0.001500 0.000000
-0.500000 0.000000 0.000000
-0.750000 0.003500 0.000000
-0.700000 0.000000 0.000000
-0.700000 0.000000 0.000000
-0.700000 0.000000 0.000000
-0.400000 0.000000 0.000000
-0.400000 0.000000 0.000000
-0.700000 0.000000 0.000000
0.300000 -0.001500 0.000000
-0.200000 0.000000 0.000000
-0.350000 -0.000499 0.000000
-0.350000 0.000000 0.000000
-0.250000 0.000000 0.000000
-0.250000 0.000000 0.000000
-0.450000 0.002000 0.000000
0.050000 0.000000 0.000000
-0.200000 0.006000 0.000000
-0.350000 -0.003499 0.000000
-0.350000 0.000000 0.000000
-0.350000 0.000000 0.000000
0.100000 0.000000 0.000000
-0.350000 -0.006502 0.000000
-0.350000 0.000000 0.000000
0.350000 0.000000 0.000000
-0.700000 0.003499 0.000000
-0.400000 0.000000 0.000000
-0.400000 0.000000 0.000000
-0.600000 0.003000 0.000000
-0.600000 0.000000 0.000000
-0.450000 0.000000 0.000000
-0.450000 0.000000 0.000000
-0.400000 0.000000 0.000000
-0.650000 0.000000 0.000000
-0.650000 0.000000 0.000000
-0.400000 0.000501 0.000000
-0.750000 -0.006002 0.000000
-0.750000 0.000000 0.000000
-0.750000 0.000000 0.000000
-0.950000 -0.000498 0.000000
-0.950000 0.000000 0.000000
-0.300000 -0.009999 0.000000
-0.300000 0.000000 0.000000
-8.117500 0.000000 0.000000
-7.890000 -0.002500 0.000000
-7.162500 0.000000 0.000000
-6.435000 0.000000 0.000000
-6.307500 -0.001501 0.000000
-6.252500 0.000000 0.000000
-6.192500 -0.003000 0.000000
-5.660000 -0.005502 0.000000
-5.605000 0.000000 0.000000
-5.850000 0.000000 6.105894
-6.257500 0.000000 6.265557
-6.280000 0.001000 6.265676
-6.252500 0.000000 6.261652
-6.147500 0.003500 6.231693
-6.120000 0.000000 6.196548
-5.487500 0.000000 6.123012
-6.077500 0.000000 6.157391
-5.795000 0.000000 6.087783
-6.467500 -0.003501 6.069882
-6.412500 0.000000 6.082894
-5.647500 0.000000 6.094066
-6.105000 -0.002500 6.050036
-6.077500 0.000000 6.052402
-5.580000 0.000000 5.978352
-5.875000 -0.002001 5.858633
-5.847500 0.000000 5.838380
-5.820000 0.000000 5.843126
-5.600000 0.000000 5.813212
-6.000000 0.000000 5.760466
-6.000000 0.000000 5.773344
-6.150000 -0.004499 5.789581
-6.050000 0.000000 5.952771
-5.700000 -0.003000 5.965810
-5.950000 0.005500 5.977036
-5.950000 0.000000 5.961409
-5.900000 0.000000 5.900750
-6.550000 0.005000 5.888842
-6.050000 0.000000 5.861660
-6.050000 0.000000 5.908071
-5.600000 0.000000 5.962366
-6.250000 0.000000 6.015761
-6.200000 -0.001499 6.034031
-6.550000 0.000000 6.086944
-6.350000 0.000000 6.130476
-5.750000 0.000000 6.074970
-6.100000 -0.001001 6.017204
-6.200000 0.000000 5.976543
-6.500000 0.000000 5.977600
-6.500000 0.000000 5.984158
-6.500000 0.000000 5.994520
-6.650000 -0.001501 6.010070
-6.650000 0.000000 6.055904
-6.800000 0.002499 6.076651
-6.800000 0.000000 6.093022
-6.350000 0.000000 6.156613
-6.550000 0.003499 6.164872
-6.000000 0.003999 6.213752
-6.000000 0.000000 6.180705
-6.200000 0.000000 6.179596
-6.800000 0.000000 6.216528
-6.800000 0.000000 6.241293
-6.800000 0.004999 6.254101
-6.800000 0.000000 6.255432
-6.800000 0.000000 6.245744
-6.100000 0.000000 6.276803
-6.100000 0.000000 6.318573
-6.150000 0.000000 6.398878
-6.100000 0.000000 6.353477
-7.050000 -0.004998 6.264716
-7.050000 0.000000 6.273933
-6.400000 0.000000 6.342863
-6.300000 -0.013002 6.335927
-6.300000 0.000000 6.412872
-6.450000 0.000000 6.305759
-6.450000 0.000000 6.292150
-6.800000 0.005500 6.379404
-6.800000 0.000000 6.378587
-6.750000 0.000000 6.282010
-6.100000 0.005500 6.361984
-6.100000 0.000000 6.309529
-5.700000 0.000000 6.240123
-6.050000 -0.004000 6.234284
-6.200000 0.000000 6.207504
-6.200000 0.000000 6.216149
-6.050000 0.000000 6.177306
-6.350000 0.000000 6.180925
-6.350000 0.000000 6.206532
-6.950000 0.000502 6.168884
-6.950000 0.000000 6.177271
-6.600000 0.000000 6.237560
-6.450000 0.000000 6.304702
-6.200000 0.001001 6.313794
-6.450000 0.000000 6.303902
-6.900000 0.004500 6.307761
-6.550000 -0.007001 6.296723
-6.550000 0.000000 6.319386
-6.400000 0.000000 6.365093
-6.400000 0.000000 6.334543
-6.350000 0.000000 6.357224
-6.900000 0.000000 6.344849
-6.900000 0.000000 6.329467
-5.700000 0.000000 6.303148
-6.050000 0.000000 6.299785
-6.050000 0.000000 6.301821
-5.900000 -0.002501 6.298524
-5.900000 0.000000 6.290110
-5.850000 0.000000 6.240761
-5.850000 0.000000 6.218309
-6.300000 0.001999 6.195936
-6.300000 0.000000 6.151426
-6.450000 -0.003499 6.142434
-6.450000 0.000000 6.162015
-6.250000 0.000000 6.157513
-6.100000 -0.001500 6.128685
-6.100000 -0.004500 6.151860
-5.850000 -0.006500 6.176800
-5.850000 0.001501 6.216635
-5.850000 0.000000 6.170783
-6.100000 -0.001501 6.149651
-5.800000 0.000000 6.144748
-5.950000 0.000000 6.138154
-5.950000 0.000000 6.117172
-5.800000 -0.004999 6.109507
-5.800000 0.000000 6.114624
-5.800000 0.000000 6.132016
-5.900000 -0.001001 6.137444
-5.900000 0.000000 5.988968
-5.800000 -0.006499 6.002778
-5.800000 0.000000 6.019093
-5.150000 0.000000 6.027175
-5.150000 0.000000 5.999106
-5.350000 0.000000 5.955091
-5.350000 0.000000 5.938815
-5.450000 0.004500 5.914390
-5.650000 -0.001500 5.810470
-5.650000 0.000000 5.768915
-5.900000 -0.000001 5.772786
-5.750000 -0.004999 5.812952
-5.400000 -0.003999 5.844788
-5.400000 0.000000 5.862005
-5.400000 0.000000 5.883372
-5.650000 0.002000 5.821760
-5.600000 0.000000 5.746114
-5.800000 0.001500 5.750987
-5.800000 0.000000 5.731211
-5.750000 0.000000 5.760690
-5.750000 0.000000 5.736926
-5.500000 -0.002999 5.764314
-5.500000 0.000000 5.769592
-5.350000 0.000000 5.739888
-5.350000 0.000000 5.711029
-5.550000 -0.003000 5.690454
-5.950000 -0.002998 5.676836
-5.950000 0.000000 5.710317
-5.950000 0.004499 5.716459
-5.850000 -0.006000 5.686700
-5.850000 0.000000 5.707163
-5.700000 -0.001499 5.775894
-5.900000 0.000000 5.799609
-5.650000 0.003500 5.782256
-5.650000 0.000000 5.765261
-5.650000 0.000000 5.743016
-5.850000 0.002000 5.758302
-6.000000 0.000000 5.771078
-6.000000 0.000000 5.813514
-5.200000 -0.002001 5.834534
-5.200000 0.000000 5.834992
-5.200000 0.000000 5.815712
-5.150000 0.000000 5.574922
-5.700000 0.000000 5.551424
-5.700000 0.000000 5.531150
-1.850000 0.000000 5.409369
-1.850000 0.004500 4.785312
-1.850000 0.002500 4.399107
-1.850000 0.000000 3.619924
-1.700000 0.000000 3.166858
-0.850000 0.007499 3.064005
-0.850000 0.000000 2.866841
-1.600000 0.000000 2.616876
-1.650000 0.000000 2.495398
-1.200000 0.004500 2.390423
-1.200000 0.000000 2.334847
-1.150000 -0.001500 2.223382
-1.250000 0.004999 2.074808
-1.250000 0.000000 1.962469
-1.050000 0.000000 1.913169
-1.050000 0.000000 1.872105
-1.250000 0.003000 1.675568
-1.250000 0.000000 1.642441
-0.950000 0.000000 1.435091
-0.950000 0.000000 1.405990
-1.300000 -0.001500 1.366282
-1.300000 0.000000 1.346986
-1.250000 0.011500 1.322500
-1.250000 0.000000 1.224386
-0.850000 -0.007500 1.193520
-0.850000 0.000000 1.187770
-0.850000 0.000000 1.206130
-0.850000 0.004500 1.206826
-0.850000 0.000000 1.158035
-0.950000 0.000000 1.100146
-0.900000 -0.000001 1.090885
-0.900000 0.000000 1.073509
-0.900000 -0.001500 1.068130
-0.850000 0.000000 0.977181
-1.050000 0.000000 0.934117
-0.200000 0.002499 0.927166
-0.200000 0.000000 0.893621
-0.550000 0.000000 0.867602
-0.550000 0.000000 0.861175
-0.900000 0.002500 0.736803
-0.800000 -0.006000 0.706989
-0.500000 0.003000 0.698036
-0.600000 0.000000 0.620633
-0.600000 0.000000 0.604311
-0.950000 0.000999 0.594687
-0.950000 0.000000 0.594490
-0.300000 0.000000 0.594350
-1.050000 -0.003500 0.442121
-0.300000 0.000000 0.479059
-0.600000 0.000000 0.483324
-0.450000 0.001999 0.518033
-0.450000 0.000000 0.489689
-0.600000 0.003001 0.475101
-0.600000 0.000000 0.452577
-0.600000 -0.003001 0.449401
-0.600000 0.000000 0.452954
-0.150000 0.000000 0.504674
-0.450000 0.001500 0.476133
-0.350000 0.000000 0.423458
-0.350000 0.000000 0.417716
-0.050000 0.005002 0.389068
-0.050000 0.000000 0.324237
-0.150000 0.000000 0.274221
-0.150000 0.000000 0.262245
0.100000 0.000000 0.269626
0.100000 0.000000 0.288153
0.650000 0.004501 0.192994
0.650000 0.000000 0.176570
-0.150000 0.000000 0.133126
0.250000 0.004501 0.132451
0.250000 0.000000 0.117566
0.250000 0.000000 0.020139
-0.450000 -0.003501 0.000000
-0.450000 0.000000 0.015512
0.450000 -0.001500 0.024953
0.450000 0.000000 0.039042
0.450000 0.000000 0.042428
0.100000 0.000000 0.035919
0.100000 0.000000 0.000000
0.100000 0.000000 0.000000
0.100000 0.000000 0.000000
0.100000 0.000000 0.000000
0.050000 -0.002000 0.000000
0.050000 0.000000 0.004975
0.350000 0.000000 0.000000
0.500000 0.001501 0.000000
0.500000 0.000000 0.000000
-0.100000 -0.000001 0.000000
-0.100000 0.000000 0.000000
-0.250000 0.000000 0.000000
-0.050000 0.000000 0.000000
-0.050000 0.000000 0.000000
0.100000 -0.003000 0.000000
0.100000 0.000000 0.006861
0.100000 0.000000 0.020515
0.450000 0.000000 0.000000
0.200000 0.000000 0.000000
0.200000 0.000000 0.002528
0.350000 0.000000 0.000000
0.350000 0.000000 0.000000
0.400000 -0.001500 0.000000
0.400000 0.000000 0.000000
0.300000 0.000000 0.000000
0.250000 0.000000 0.000000
0.600000 -0.001501 0.000000
0.600000 0.000000 0.000000
0.550000 0.000000 0.005471
0.350000 0.000000 0.000000
0.300000 0.000000 0.000000
0.200000 0.003000 0.000000
0.200000 0.000000 0.000000
0.200000 0.000000 0.000000
-0.100000 0.000000 0.000000
0.750000 -0.007501 0.000000
0.800000 0.003000 0.000000
0.800000 0.000000 0.000000
0.800000 0.000000 0.000000
0.450000 0.000000 0.000000
0.200000 0.000000 0.000000
0.200000 0.000000 0.000000
0.250000 0.000000 0.000000
0.200000 -0.001498 0.000000
0.100000 0.000000 0.007308
0.200000 0.004501 0.000000
0.200000 0.000000 0.000000
0.100000 0.000000 0.000000
0.650000 -0.004501 0.000000
0.650000 0.000000 0.000000
0.800000 -0.000499 0.000000
-0.150000 0.000000 0.005590
-0.400000 0.010999 0.000000
-0.400000 0.000000 0.000000
-0.300000 0.000000 0.008979
0.150000 0.000000 0.032196
0.150000 0.000000 0.046294
-0.200000 0.003501 0.124364
-0.200000 0.000000 0.125278
-0.200000 0.000000 0.114685
0.150000 0.006499 0.089109
-0.200000 0.000000 0.000000
-0.100000 -0.001499 0.032338
-0.100000 0.000000 0.038464
-0.100000 0.000000 0.038901
-0.300000 0.000000 0.014555
0.050000 0.000000 0.000000
-0.500000 -0.005001 0.000000
-0.500000 0.000000 0.010728
-0.250000 0.000000 0.048172
0.000000 -0.006999 0.041486
0.000000 0.000000 0.058721
0.000000 0.000000 0.088941
0.050000 0.000000 0.092439
0.050000 0.000000 0.067228
-0.550000 0.001999 0.051579
-0.150000 -0.001500 0.050890
-0.150000 0.000000 0.055324
-0.150000 -0.000999 0.068992
-0.100000 -0.005001 0.000000
-0.100000 0.000000 0.036341
-0.200000 0.004001 0.042877
-0.200000 0.000000 0.030358
-0.200000 0.000000 0.000000
-0.200000 0.000000 0.043664
0.000000 -0.004500 0.014816
-0.250000 0.000000 0.040298
0.050000 0.000001 0.033752
0.050000 0.000000 0.018345
0.050000 0.004500 0.000000
0.050000 0.000000 0.000000
-0.650000 -0.006000 0.000000
-0.250000 0.000000 0.067356
-0.350000 0.000000 0.040543
-0.600000 -0.003500 0.000703
-0.600000 0.000000 0.012870
-0.600000 0.000000 0.045283
-0.300000 0.005500 0.061157
-0.300000 0.000000 0.045919
-0.200000 0.000000 0.073850
0.150000 -0.000001 0.079786
-0.450000 0.000000 0.031370
0.150000 0.000000 0.037910
0.150000 0.000000 0.039272
0.150000 0.000000 0.039430
-0.200000 0.001500 0.001065
-0.200000 0.000000 0.000000
-0.400000 0.000000 0.075062
-0.450000 0.000000 0.065558
-0.250000 0.000000 0.055088
-0.250000 0.000000 0.042964
-0.650000 0.000000 0.046078
0.500000 0.000000 0.070688
-0.400000 0.000000 0.000000
-0.550000 0.000000 0.077250
-0.300000 0.000000 0.095470
-0.300000 0.000000 0.092530
-0.400000 0.003501 0.086784
-0.400000 0.000000 0.078343
-0.550000 -0.003000 0.070421
-0.550000 0.000000 0.116786
-0.250000 0.003000 0.274718
-0.250000 0.000000 0.235001
-0.750000 0.000000 0.219997
-0.750000 0.000000 0.223337
-0.750000 0.004002 0.227164
-0.750000 0.000000 0.227873
-0.650000 0.001501 0.225407
-0.650000 0.000000 0.227256
-0.650000 0.000000 0.231058
-0.600000 0.000000 0.313084
-0.600000 0.000001 0.339487
-0.600000 0.000000 0.349156
-0.600000 0.000000 0.342761
-0.650000 0.000000 0.334534
-0.650000 0.000000 0.332582
-0.850000 0.005001 0.330920
-0.850000 0.000000 0.329538
-0.850000 0.000000 0.328423
-0.850000 0.000000 0.358092
-0.400000 0.000000 0.459172
-0.400000 0.000000 0.453037
-0.500000 -0.000001 0.447798
-0.500000 0.000000 0.443426
-0.500000 0.000000 0.439875
-0.250000 0.000000 0.404709
-0.250000 0.000000 0.373840
-0.700000 0.000000 0.348977
-0.850000 -0.001500 0.364514
-0.850000 0.000000 0.380282
-0.850000 0.000000 0.401099
-1.000000 0.004498 0.411025
-1.000000 0.000000 0.410498
-0.500000 0.000000 0.401727
-0.250000 -0.002998 0.396941
-0.250000 0.000000 0.381063
-0.250000 0.000000 0.365821
-0.150000 0.000000 0.323655
-0.250000 0.000000 0.286349
-0.350000 -0.003000 0.274895
-0.350000 0.000000 0.263899
-1.100000 0.002998 0.228665
-1.100000 0.000000 0.229213
-0.250000 0.039588 0.225164
-0.250000 0.000000 0.216157
-0.450000 0.000000 0.191242
-0.250000 0.000000 0.183885
-0.250000 0.000000 0.184098
-0.550000 0.000861 0.185209
-0.250000 0.000000 0.193686
-0.250000 0.000000 0.198225
-0.450000 0.002139 0.201339
-0.450000 0.000000 0.175248
0.150000 0.000000 0.162896
0.150000 0.000000 0.150119
-0.450000 0.000000 0.152832
-0.100000 0.001093 0.103121
