0 1 y
0.050000 0.000000 0.000000
0.050000 0.000000 0.000000
0.250000 0.000000 0.000000
0.500000 -0.001499 0.000000
0.500000 0.000000 0.000000
-0.050000 0.000000 0.000000
0.000000 -0.004501 0.000000
0.000000 0.000000 0.000000
-0.250000 0.000000 0.000000
0.700000 -0.000501 0.000000
0.700000 0.000000 0.000000
-0.150000 0.000000 0.000000
0.150000 0.007998 0.000000
0.150000 0.000000 0.000000
-0.300000 0.000000 0.000000
-0.200000 -0.003001 0.000000
-0.200000 0.000000 0.000000
0.000000 0.000000 0.000000
-0.050000 -0.004502 0.000000
-0.050000 0.000000 0.000000
0.200000 0.000000 0.000000
0.200000 0.011593 0.000000
0.200000 0.000000 0.000000
-0.050000 0.000000 0.000000
0.100000 -0.007178 0.000000
0.100000 0.000000 0.000000
0.000000 0.000000 0.000000
0.050000 -0.014000 0.000000
0.050000 0.000000 0.000000
0.100000 0.000000 0.000000
-0.350000 0.002000 0.000000
-0.350000 0.000000 0.000000
-0.150000 0.000000 0.000000
-0.100000 -0.002997 0.000000
-0.100000 0.000000 0.000000
0.150000 0.000000 0.000000
0.450000 0.002999 0.000000
0.450000 0.000000 0.000000
-0.150000 0.000000 0.000000
0.350000 -0.001499 0.000000
0.350000 0.000000 0.000000
-0.400000 0.000000 0.000000
0.250000 -0.002001 0.000000
0.250000 0.000000 0.000000
0.150000 0.000000 0.000000
-0.300000 0.005001 0.000000
-0.300000 0.000000 0.000000
-0.200000 0.000000 0.000000
0.050000 0.000000 0.000000
0.050000 0.000000 0.000000
0.450000 0.000000 0.000000
-0.350000 0.003000 0.000000
-0.350000 0.000000 0.000000
0.250000 0.000000 0.000000
-0.100000 0.000000 0.000000
-0.100000 0.000000 0.000000
0.050000 0.000000 0.000000
-0.100000 0.001501 0.000000
-0.100000 0.000000 0.000000
0.100000 0.000000 0.000000
-0.250000 0.000998 0.000000
-0.250000 0.000000 0.000000
-0.150000 0.000000 0.000000
0.050000 0.005503 0.000000
0.050000 0.000000 0.000000
0.300000 0.000000 0.000000
0.250000 0.007002 0.000000
0.250000 0.000000 0.000000
0.650000 0.000000 0.000000
-0.350000 0.004999 0.000000
-0.350000 0.000000 0.000000
0.150000 0.000000 0.000000
-0.400000 -0.002001 0.000000
-0.400000 0.000000 0.000000
0.550000 0.000000 0.000000
-0.050000 0.005002 0.000000
-0.050000 0.000000 0.000000
-0.050000 0.000000 0.000000
0.100000 -0.006000 0.000000
0.100000 0.000000 0.000000
-0.300000 0.000000 0.000000
0.100000 0.004502 0.000000
0.100000 0.000000 0.000000
0.250000 0.000000 0.000000
0.150000 0.001999 0.000000
0.150000 0.000000 0.000000
-0.050000 0.000000 0.000000
0.050000 0.000499 0.000000
0.050000 0.000000 0.000000
0.200000 0.000000 0.000000
-0.100000 -0.007497 0.000000
-0.100000 0.000000 0.000000
-0.050000 0.000000 0.000000
-0.200000 -0.001501 0.000000
-0.200000 0.000000 0.000000
-0.350000 0.000000 0.000000
0.650000 0.003998 0.000000
0.650000 0.000000 0.000000
0.300000 0.000000 0.000000
0.150000 -0.008499 0.000000
0.150000 0.000000 0.000000
0.000000 0.000000 0.000000
-0.050000 -0.015001 0.000000
-0.050000 0.000000 0.000000
0.000000 0.000000 0.000000
0.250000 0.004002 0.000000
0.250000 0.000000 0.000000
0.300000 0.000000 0.000000
-0.650000 -0.000505 0.000000
-0.650000 0.000000 0.000000
0.150000 0.000000 0.000000
-0.050000 0.006499 0.000000
-0.050000 0.000000 0.000000
0.000000 0.000000 0.000000
0.450000 -0.007496 0.000000
0.450000 0.000000 0.000000
-0.050000 0.000000 0.000000
-0.150000 -0.003501 0.000000
-0.150000 0.000000 0.000000
-0.250000 0.000000 0.000000
0.050000 -0.006498 0.000000
0.050000 0.000000 0.000000
0.000000 0.000000 0.000000
0.250000 -0.004498 0.000000
0.250000 0.000000 0.000000
0.000000 0.000000 0.000000
-0.100000 -0.001998 0.000000
-0.100000 0.000000 0.000000
0.200000 0.000000 0.000000
0.100000 0.004498 0.000000
0.100000 0.000000 0.000000
-0.100000 0.000000 0.000000
0.100000 -0.010997 0.000000
0.100000 0.000000 0.000000
0.000000 0.000000 0.000000
-0.050000 0.010502 0.000000
-0.050000 0.000000 0.000000
0.200000 0.000000 0.000000
0.200000 -0.001501 0.000000
0.200000 0.000000 0.000000
0.450000 0.000000 0.000000
0.100000 0.006500 0.000000
0.100000 0.000000 0.000000
0.250000 0.000000 0.000000
-0.100000 0.003501 0.000000
-0.100000 0.000000 0.000000
0.000000 0.000000 0.000000
0.000000 0.010500 0.000000
0.000000 0.000000 0.000000
0.050000 0.000000 0.000000
0.050000 -0.002998 0.000000
0.050000 0.000000 0.000000
-0.200000 0.000000 0.000000
-0.150000 0.004000 0.000000
-0.150000 0.000000 0.000000
0.150000 0.000000 0.000000
-0.400000 -0.007498 0.000000
-0.400000 0.000000 0.000000
0.300000 0.000000 0.000000
0.100000 0.006498 0.000000
0.100000 0.000000 0.000000
-0.050000 0.000000 0.000000
0.300000 0.007500 0.000000
0.300000 0.000000 0.000000
0.200000 0.000000 0.000000
0.750000 -0.001999 0.000000
0.750000 0.000000 0.000000
0.050000 0.000000 0.000000
0.550000 0.001000 0.000000
0.550000 0.000000 0.000000
0.100000 0.000000 0.000000
-0.050000 0.001998 0.000000
-0.050000 0.000000 0.000000
0.250000 0.000000 0.000000
0.300000 0.004499 0.000000
0.300000 0.000000 0.000000
0.450000 0.000000 0.000000
0.150000 -0.000500 0.000000
0.150000 0.000000 0.000000
0.100000 0.000000 0.000000
-0.100000 -0.004998 0.000000
-0.100000 0.000000 0.000000
0.050000 0.000000 0.000000
0.300000 0.004501 0.000000
0.300000 0.000000 0.000000
0.150000 0.000000 0.000000
0.000000 0.005001 0.000000
0.000000 0.000000 0.000000
0.200000 0.000000 0.000000
0.100000 -0.001000 0.000000
0.100000 0.000000 0.000000
-0.350000 0.000000 0.000000
0.300000 0.000002 0.000000
0.300000 0.000000 0.000000
0.050000 0.000000 0.000000
0.000000 0.001501 0.000000
0.000000 0.000000 0.000000
0.300000 0.000000 0.000000
-0.050000 0.010000 0.000000
-0.050000 0.000000 0.000000
0.150000 0.000000 0.000000
0.350000 -0.002501 0.000000
0.350000 0.000000 0.000000
0.250000 0.000000 0.000000
0.700000 0.006499 0.000000
0.700000 0.000000 0.000000
0.400000 0.000000 0.000000
0.150000 0.006999 0.000000
0.150000 0.000000 0.000000
0.350000 0.000000 0.000000
0.350000 0.005999 0.000000
0.350000 0.000000 0.000000
0.650000 0.000000 0.000000
0.200000 -0.007998 0.000000
0.200000 0.000000 0.000000
0.450000 0.000000 0.000000
0.550000 0.001501 0.000000
0.550000 0.000000 0.000000
0.050000 0.000000 0.000000
0.550000 0.003000 0.000000
0.550000 0.000000 0.000000
0.100000 0.000000 0.000000
0.350000 -0.008001 0.000000
0.350000 0.000000 0.000000
0.700000 0.000000 0.000000
1.100000 -0.006502 0.000000
1.100000 0.000000 0.000000
0.500000 0.000000 0.000000
0.450000 -0.002500 0.000000
0.450000 0.000000 0.000000
0.250000 0.000000 0.000000
-0.050000 0.003499 0.000000
-0.050000 0.000000 0.000000
0.000000 0.000000 0.000000
0.050000 0.001500 0.000000
0.050000 0.000000 0.000000
0.350000 0.000000 0.000000
0.350000 0.001000 0.000000
0.350000 0.000000 0.000000
0.100000 0.000000 0.000000
-0.100000 -0.001498 0.000000
-0.100000 0.000000 0.000000
0.550000 0.000000 0.000000
0.000000 0.011498 0.000000
0.000000 0.000000 0.000000
-0.050000 0.000000 0.000000
0.300000 -0.010999 0.000000
0.300000 0.000000 0.000000
0.600000 0.000000 0.000000
0.050000 0.000501 0.000000
0.050000 0.000000 0.000000
0.650000 0.000000 0.000000
0.350000 0.005501 0.000000
0.350000 0.000000 0.000000
0.100000 0.000000 0.000000
0.150000 0.010001 0.000000
0.150000 0.000000 0.000000
0.200000 0.000000 0.000000
0.750000 -0.006499 0.000000
0.750000 0.000000 0.000000
0.050000 0.000000 0.000000
0.400000 -0.002001 0.000000
0.400000 0.000000 0.000000
0.350000 0.000000 0.000000
-0.100000 -0.006000 0.000000
-0.100000 0.000000 0.000000
0.200000 0.000000 0.000000
0.400000 -0.006998 0.000000
0.400000 0.000000 0.000000
0.200000 0.000000 0.000000
0.250000 -0.001999 0.000000
0.250000 0.000000 0.000000
0.400000 0.000000 0.000000
0.500000 0.002002 0.000000
0.500000 0.000000 0.000000
0.050000 0.000000 0.000000
0.500000 -0.004502 0.000000
0.500000 0.000000 0.000000
0.300000 0.000000 0.000000
0.650000 0.003501 0.000000
0.650000 0.000000 0.000000
0.250000 0.000000 0.000000
0.700000 -0.000500 0.000000
0.700000 0.000000 0.000000
-0.050000 0.000000 0.000000
0.000000 0.007501 0.000000
0.000000 0.000000 0.000000
0.300000 0.000000 0.000000
0.550000 -0.006001 0.000000
0.550000 0.000000 0.000000
0.000000 0.000000 0.000000
0.000000 0.002000 0.000000
0.000000 0.000000 0.000000
0.000000 0.000000 0.000000
-0.150000 0.010001 0.000000
-0.150000 0.000000 0.000000
-0.100000 0.000000 0.000000
0.150000 0.001501 0.000000
0.150000 0.000000 0.000000
-0.050000 0.000000 0.000000
0.750000 0.001999 0.000000
0.750000 0.000000 0.000000
0.150000 0.000000 0.000000
-0.200000 0.003500 0.000000
-0.200000 0.000000 0.000000
-0.150000 0.000000 0.000000
0.000000 0.000001 0.000000
0.000000 0.000000 0.000000
0.600000 0.000000 0.000000
-0.050000 0.000000 0.000000
-0.050000 0.000000 0.000000
-0.250000 0.000000 0.000000
-0.250000 -0.000001 0.000000
-0.250000 0.000000 0.000000
-0.050000 0.000000 0.000000
0.150000 -0.001500 0.000000
0.150000 0.000000 0.000000
0.250000 0.000000 0.000000
0.000000 -0.003000 0.000000
0.000000 0.000000 0.000000
0.150000 0.000000 0.000000
-0.550000 0.000000 0.000000
-0.550000 0.000000 0.000000
-0.250000 0.000000 0.000000
-0.100000 -0.001500 0.000000
-0.100000 0.000000 0.000000
-0.050000 0.000000 0.000000
-0.200000 0.000501 0.000000
-0.200000 0.000000 0.000000
-0.400000 0.000000 0.000000
-0.150000 -0.003001 0.000000
-0.150000 0.000000 0.000000
-0.250000 0.000000 0.000000
-0.150000 0.000000 0.000000
-0.150000 0.000000 0.000000
0.000000 0.000000 0.000000
-0.500000 -0.002999 0.000000
-0.500000 0.000000 0.000000
-0.100000 0.000000 0.000000
0.500000 -0.004999 0.000000
0.500000 0.000000 0.000000
-0.250000 0.000000 0.000000
-0.200000 -0.002001 0.000000
-0.200000 0.000000 0.000000
0.100000 0.000000 0.000000
-0.650000 -0.001501 0.000000
-0.650000 0.000000 0.000000
-0.200000 0.000000 0.000000
-0.100000 0.001999 0.000000
-0.100000 0.000000 0.000000
-0.150000 0.000000 0.000000
-0.450000 -0.003000 0.000000
-0.450000 0.000000 0.000000
-0.300000 0.000000 0.000000
0.000000 0.000997 0.000000
0.000000 0.000000 0.000000
-0.100000 0.000000 0.000000
-0.700000 0.001500 0.000000
-0.700000 0.000000 0.000000
-0.150000 0.000000 0.000000
-0.250000 -0.002500 0.000000
-0.250000 0.000000 0.000000
-0.350000 0.000000 0.000000
-0.450000 0.000000 0.000000
-0.450000 0.000000 0.000000
-0.350000 0.000000 0.000000
-0.250000 -0.001500 0.000000
-0.250000 0.000000 0.000000
-0.450000 0.000000 0.000000
-0.050000 -0.004503 0.000000
-0.050000 0.000000 0.000000
-0.550000 0.000000 0.000000
-0.550000 -0.002001 0.000000
-0.550000 0.000000 0.000000
-0.600000 0.000000 0.000000
-0.350000 -0.002002 0.000000
-0.350000 0.000000 0.000000
-1.200000 0.000000 0.000000
-0.700000 0.005998 0.000000
-0.700000 0.000000 0.000000
-0.800000 0.000000 0.000000
-1.050000 0.000500 0.000000
-1.050000 0.000000 0.000000
-0.450000 0.000000 0.000000
-0.750000 -0.001500 0.000000
-0.750000 0.000000 0.000000
-0.500000 0.000000 0.000000
-0.650000 0.002501 0.000000
-0.650000 0.000000 0.000000
-0.600000 0.000000 0.000000
-0.550000 0.002500 0.000000
-0.550000 0.000000 0.000000
-0.950000 0.000000 0.000000
-0.150000 0.001500 0.000000
-0.150000 0.000000 0.000000
-0.450000 0.000000 0.000000
-0.800000 0.001501 0.000000
-0.800000 0.000000 0.000000
-1.000000 0.000000 0.000000
-0.550000 0.000000 0.000000
-0.550000 0.000000 0.000000
-0.050000 0.000000 0.000000
-0.650000 0.000000 0.000000
-0.650000 0.000000 0.000000
-0.750000 0.000000 0.000000
-0.600000 -0.004500 0.000000
-0.600000 0.000000 0.000000
-0.150000 0.000000 0.000000
-0.400000 0.001500 0.000000
-0.400000 0.000000 0.000000
-0.850000 0.000000 0.000000
-0.750000 0.003000 0.000000
-0.750000 0.000000 0.000000
-0.750000 0.000000 0.000000
-0.850000 -0.001999 0.000000
-0.850000 0.000000 0.000000
-0.500000 0.000000 0.000000
-0.750000 0.003500 0.000000
-0.750000 0.000000 0.000000
-0.700000 0.000000 0.000000
-0.700000 0.002000 0.000000
-0.700000 0.000000 0.000000
-0.400000 0.000000 0.000000
-0.700000 -0.002002 0.000000
-0.700000 0.000000 0.000000
0.300000 0.000000 0.000000
-0.200000 0.004000 0.000000
-0.200000 0.000000 0.000000
-0.350000 0.000000 0.000000
-0.850000 0.003000 0.000000
-0.850000 0.000000 0.000000
-0.250000 0.000000 0.000000
-0.250000 -0.001501 0.000000
-0.250000 0.000000 0.000000
-0.450000 0.000000 0.000000
0.050000 -0.004500 0.000000
0.050000 0.000000 0.000000
-0.200000 0.000000 0.000000
-0.350000 -0.003499 0.000000
-0.350000 0.000000 0.000000
-0.550000 0.000000 0.000000
0.100000 0.005000 0.000000
0.100000 0.000000 0.000000
-0.150000 0.000000 0.000000
-0.350000 -0.006502 0.000000
-0.350000 0.000000 0.000000
0.350000 0.000000 0.000000
-0.700000 0.003499 0.000000
-0.700000 0.000000 0.000000
-0.450000 0.000000 0.000000
0.450000 0.000000 0.000000
0.450000 0.000000 0.000000
-0.400000 0.000000 0.000000
-0.600000 0.003000 0.000000
-0.600000 0.000000 0.000000
-0.450000 0.000000 0.000000
-0.400000 0.008000 0.000000
-0.400000 0.000000 0.000000
-0.650000 0.000000 0.000000
-0.400000 0.000501 0.000000
-0.400000 0.000000 0.000000
-0.500000 0.000000 0.000000
-0.750000 -0.006002 0.000000
-0.750000 0.000000 0.000000
-0.950000 0.000000 0.000000
-0.300000 -0.009999 0.000000
-0.300000 0.000000 0.000000
-8.845000 0.000000 0.000000
-7.890000 -0.002500 0.000000
-6.435000 0.000000 0.000000
-6.280000 0.000000 0.000000
-5.925000 -0.004000 0.000000
-5.870000 0.000000 0.000000
-6.165000 0.000000 0.000000
-5.660000 -0.005502 0.000000
-5.605000 0.000000 0.000000
-5.850000 0.000000 6.105894
-5.995000 -0.007001 6.021049
-5.940000 0.000000 6.184869
-6.285000 0.000000 6.259740
-6.280000 0.001000 6.265676
-6.225000 0.000000 6.254516
-6.120000 0.000000 6.196548
-5.515000 -0.005999 6.128305
-5.460000 0.000000 6.132663
-6.105000 0.000000 6.149750
-5.850000 0.005502 6.148206
-5.795000 0.000000 6.087783
-6.440000 0.000000 6.068470
-6.285000 0.000001 6.095868
-6.230000 0.000000 6.117711
-5.675000 0.000000 6.110652
-5.870000 -0.003500 6.084147
-5.815000 0.000000 6.083234
-6.010000 0.000000 6.070691
-6.105000 -0.002500 6.050036
-6.050000 0.000000 6.062781
-5.895000 0.000000 6.057673
-5.390000 -0.006000 6.036131
-5.335000 0.000000 6.045566
-5.580000 0.000000 5.978352
-5.875000 -0.002001 5.858633
-5.820000 0.000000 5.843126
-5.600000 0.000000 5.813212
-6.000000 -0.002002 5.762528
-6.000000 0.000000 5.773344
-6.150000 0.000000 5.809047
-6.050000 -0.005002 5.859230
-6.050000 0.000000 5.928821
-6.050000 0.000000 5.964076
-5.700000 -0.003000 5.965810
-5.700000 0.000000 5.980613
-5.950000 0.000000 5.961409
-5.900000 -0.001499 5.915261
-5.900000 0.000000 5.900750
-6.550000 0.000000 5.868826
-6.050000 -0.007500 5.838983
-6.050000 0.000000 5.908071
-5.600000 0.000000 5.957852
-6.250000 -0.005999 5.973699
-6.250000 0.000000 6.015761
-6.200000 0.000000 6.046619
-6.550000 -0.003001 6.067281
-6.550000 0.000000 6.112497
-6.350000 0.000000 6.130476
-6.350000 0.002000 6.118316
-6.350000 0.000000 6.110876
-5.750000 0.000000 6.074970
-6.100000 -0.001001 6.017204
-6.100000 0.000000 5.983199
-6.650000 0.000000 5.982633
-6.250000 0.003500 6.000411
-6.250000 0.000000 5.987803
-6.200000 0.000000 5.976543
-6.500000 0.000000 5.977600
-6.500000 0.000000 5.994520
-6.650000 0.000000 6.030598
-6.800000 0.002499 6.076651
-6.800000 0.000000 6.105193
-6.350000 0.000000 6.137090
-6.550000 0.003499 6.164872
-6.550000 0.000000 6.149385
-6.350000 0.000000 6.169723
-6.000000 0.003999 6.213752
-6.000000 0.000000 6.180705
-6.200000 0.000000 6.167778
-6.800000 -0.001498 6.195905
-6.800000 0.000000 6.241293
-6.800000 0.000000 6.255432
-6.650000 0.003500 6.239142
-6.650000 0.000000 6.234688
-6.100000 0.000000 6.276803
-6.150000 -0.007000 6.352643
-6.150000 0.000000 6.398878
-6.100000 0.000000 6.353477
-7.050000 -0.004998 6.264716
-7.050000 0.000000 6.316984
-6.950000 0.000000 6.358437
-6.400000 0.004500 6.352775
-6.400000 0.000000 6.328477
-6.300000 0.000000 6.364339
-6.450000 0.016502 6.418144
-6.450000 0.000000 6.305759
-6.450000 0.000000 6.292150
-6.800000 0.005500 6.379404
-6.800000 0.000000 6.349717
-6.550000 0.000000 6.287940
-6.750000 -0.010002 6.253577
-6.750000 0.000000 6.339236
-6.100000 0.000000 6.351638
-5.700000 -0.000500 6.277168
-5.700000 0.000000 6.240123
-6.050000 0.000000 6.236319
-6.800000 0.005999 6.241279
-6.800000 0.000000 6.191563
-6.400000 0.000000 6.173873
-6.200000 -0.000499 6.197614
-6.200000 0.000000 6.216149
-6.050000 0.000000 6.200616
-6.350000 -0.003999 6.170966
-6.350000 0.000000 6.206532
-6.450000 0.000000 6.204163
-6.950000 0.000502 6.168884
-6.950000 0.000000 6.202085
-6.600000 0.000000 6.237560
-6.450000 -0.002999 6.263566
-6.450000 0.000000 6.304702
-6.200000 0.000000 6.310125
-6.450000 -0.002000 6.288126
-6.450000 0.000000 6.303902
-6.900000 0.000000 6.303403
-6.550000 -0.007001 6.296723
-6.550000 0.000000 6.358463
-6.400000 0.000000 6.365093
-6.150000 -0.006502 6.319501
-6.150000 0.000000 6.333496
-6.200000 0.000000 6.350058
-6.350000 -0.001500 6.355169
-6.350000 0.000000 6.358963
-6.900000 0.000000 6.344849
-5.700000 -0.000500 6.317482
-5.700000 0.000000 6.303148
-6.050000 0.000000 6.299785
-5.900000 -0.002501 6.298524
-5.900000 0.000000 6.276783
-5.850000 0.000000 6.240761
-6.300000 0.001999 6.195936
-6.300000 0.000000 6.151426
-6.450000 0.000000 6.146132
-6.250000 0.004999 6.165644
-6.250000 0.000000 6.138092
-6.100000 0.000000 6.128885
-6.100000 -0.004500 6.151860
-6.100000 0.000000 6.190672
-6.400000 0.000000 6.194943
-5.850000 -0.006500 6.176800
-5.850000 0.000000 6.212014
-5.850000 0.000000 6.202642
-6.100000 -0.001501 6.149651
-6.100000 0.000000 6.137878
-5.800000 0.000000 6.144748
-5.950000 0.001000 6.149998
-5.950000 0.000000 6.117172
-5.800000 0.000000 6.114624
-5.900000 -0.001001 6.137444
-5.900000 0.000000 6.114313
-5.850000 0.000000 6.080708
-5.850000 0.004500 6.043887
-5.850000 0.000000 5.992771
-5.900000 0.000000 5.977757
-5.800000 -0.006499 6.002778
-5.800000 0.000000 6.037807
-5.150000 0.000000 6.027175
-5.350000 -0.004500 5.975134
-5.350000 0.000000 5.938815
-5.450000 0.000000 5.882143
-5.650000 -0.001500 5.810470
-5.650000 0.000000 5.768915
-5.900000 0.000000 5.758074
-5.900000 -0.000001 5.772786
-5.900000 0.000000 5.800131
-5.750000 0.000000 5.823512
-5.400000 -0.003999 5.844788
-5.400000 0.000000 5.883372
-5.100000 0.000000 5.877684
-5.650000 0.002000 5.821760
-5.650000 0.000000 5.749037
-5.600000 0.000000 5.729145
-5.800000 0.001500 5.750987
-5.800000 0.000000 5.726357
-5.800000 0.000000 5.731211
-5.750000 0.000000 5.760690
-5.750000 0.000000 5.736926
-5.650000 0.000000 5.736472
-5.500000 -0.002999 5.764314
-5.500000 0.000000 5.769592
-5.350000 0.000000 5.739888
-5.550000 -0.003000 5.690454
-5.550000 0.000000 5.672849
-5.950000 0.000000 5.689438
-5.950000 0.004499 5.716459
-5.950000 0.000000 5.686846
-5.850000 0.000000 5.707163
-5.700000 -0.001499 5.775894
-5.700000 0.000000 5.799423
-5.900000 0.000000 5.799609
-5.650000 0.003500 5.782256
-5.650000 0.000000 5.743016
-5.950000 0.000000 5.737319
-5.850000 0.002000 5.758302
-5.850000 0.000000 5.740607
-6.000000 0.000000 5.771078
-5.200000 -0.002001 5.834534
-5.200000 0.000000 5.815712
-5.450000 0.000000 5.796072
-5.850000 0.009000 5.769906
-5.850000 0.000000 5.649845
-5.150000 0.000000 5.577669
-5.700000 0.000498 5.566092
-5.700000 0.000000 5.531150
-1.850000 0.000000 5.409369
-2.150000 0.003000 5.195467
-2.150000 0.000000 4.923215
-1.850000 0.000000 4.652426
-1.850000 0.002500 4.399107
-1.850000 0.000000 4.156638
-2.050000 0.000000 3.928102
-1.850000 0.003000 3.716557
-1.850000 0.000000 3.529056
-1.900000 0.000000 3.360676
-1.700000 -0.004499 3.218388
-1.700000 0.000000 3.127708
-0.850000 0.000000 2.976737
-1.600000 0.001500 2.770593
-1.600000 0.000000 2.616876
-1.650000 0.000000 2.495398
-1.200000 0.004500 2.390423
-1.200000 0.000000 2.277321
-1.150000 0.000000 2.172889
-1.250000 0.004999 2.074808
-1.250000 0.000000 1.962469
-1.050000 0.000000 1.872105
-1.300000 0.003000 1.801546
-1.300000 0.000000 1.714693
-1.250000 0.000000 1.642441
-1.200000 -0.003000 1.593731
-1.200000 0.000000 1.568178
-0.950000 0.000000 1.514166
-0.950000 0.000000 1.435091
-0.950000 0.000000 1.383479
-1.300000 0.000000 1.354185
-1.250000 0.011500 1.322500
-1.250000 0.000000 1.224386
-0.850000 0.000000 1.187770
-0.850000 0.004500 1.206826
-0.850000 0.000000 1.158035
-1.000000 0.000000 1.124113
-0.950000 0.000000 1.117095
-0.950000 0.000000 1.100146
-0.900000 0.000000 1.082011
-0.900000 -0.001500 1.068130
-0.900000 0.000000 1.066247
-0.850000 0.000000 1.021356
-1.050000 0.000001 0.948320
-1.050000 0.000000 0.934117
-0.200000 0.000000 0.913577
-0.550000 -0.004500 0.878357
-0.550000 0.000000 0.861175
-0.750000 0.000000 0.842622
-0.650000 0.003500 0.812697
-0.650000 0.000000 0.759832
-0.900000 0.000000 0.719688
-0.800000 -0.006000 0.706989
-0.800000 0.000000 0.733416
-0.450000 0.000000 0.733367
-0.500000 0.003000 0.698036
-0.500000 0.000000 0.657635
-0.600000 0.000000 0.620633
-0.950000 0.000999 0.594687
-0.950000 0.000000 0.594490
-0.300000 0.000000 0.594350
-0.650000 0.001499 0.586817
-0.650000 0.000000 0.573139
-0.400000 0.000000 0.521460
-0.450000 -0.003500 0.455161
-0.450000 0.000000 0.465568
-0.350000 0.000000 0.460976
-1.050000 -0.003500 0.442121
-1.050000 0.000000 0.489976
-0.300000 0.000000 0.499767
-0.600000 -0.002000 0.469716
-0.600000 0.000000 0.483324
-0.700000 0.000000 0.504638
-0.550000 -0.000499 0.520196
-0.550000 0.000000 0.523705
-0.450000 0.000000 0.506618
-0.600000 0.003001 0.475101
-0.600000 0.000000 0.452577
-0.600000 0.000000 0.452954
-0.500000 -0.001000 0.474151
-0.500000 0.000000 0.499858
-0.150000 0.000000 0.501257
-0.450000 0.001500 0.476133
-0.450000 0.000000 0.441481
-0.250000 0.000000 0.424686
-0.350000 0.000000 0.423458
-0.350000 0.000000 0.408736
-0.350000 0.000000 0.400967
-0.050000 0.005002 0.389068
-0.050000 0.000000 0.324237
-0.150000 0.000000 0.274221
0.100000 -0.007001 0.260854
0.100000 0.000000 0.288153
0.050000 0.000000 0.247581
-0.200000 -0.006502 0.162441
-0.200000 0.000000 0.188467
0.650000 0.000000 0.176570
-0.150000 -0.008000 0.121080
-0.150000 0.000000 0.133126
0.250000 0.000000 0.117566
-0.050000 -0.001501 0.067891
-0.050000 0.000000 0.046547
0.250000 0.000000 0.029677
0.050000 0.000500 0.010618
0.050000 0.000000 0.000000
-0.450000 0.000000 0.004386
0.450000 -0.001500 0.024953
0.450000 0.000000 0.039042
0.450000 0.000000 0.043763
0.100000 0.000000 0.035919
0.100000 0.000000 0.008192
0.100000 0.000000 0.000000
0.100000 0.000000 0.000000
0.100000 0.000000 0.000000
0.050000 0.000000 0.000341
0.350000 0.000000 0.003336
0.350000 0.000000 0.000000
0.500000 0.000000 0.000000
-0.100000 -0.000001 0.000000
-0.100000 0.000000 0.000000
-0.250000 0.000000 0.000000
-0.250000 0.001501 0.006598
-0.250000 0.000000 0.017576
0.300000 0.000000 0.031214
0.200000 0.003500 0.031808
0.200000 0.000000 0.000000
-0.050000 0.000000 0.000000
0.100000 -0.003000 0.000000
0.100000 0.000000 0.020515
0.400000 0.000000 0.009714
0.450000 0.003000 0.000000
0.450000 0.000000 0.000000
0.200000 0.000000 0.000000
0.350000 0.000000 0.000000
0.350000 0.000000 0.000000
0.400000 0.000000 0.000000
0.250000 0.001001 0.000000
0.250000 0.000000 0.000000
0.300000 0.000000 0.000000
0.250000 0.000000 0.000000
0.250000 0.000000 0.000000
0.700000 0.000000 0.000000
0.600000 -0.001501 0.000000
0.600000 0.000000 0.000000
0.100000 0.000000 0.000000
0.550000 -0.003001 0.000000
0.550000 0.000000 0.005471
0.350000 0.000000 0.000000
0.300000 0.000000 0.000000
0.300000 0.000000 0.000000
0.150000 0.000000 0.000000
0.200000 0.003000 0.000000
0.200000 0.000000 0.000000
0.450000 0.000000 0.000000
-0.100000 0.004003 0.006939
-0.100000 0.000000 0.000000
0.100000 0.000000 0.000000
0.750000 -0.007501 0.000000
0.750000 0.000000 0.027365
-0.050000 0.000000 0.023024
0.100000 0.001500 0.000000
0.100000 0.000000 0.000000
0.800000 0.000000 0.000000
0.450000 -0.006002 0.000000
0.450000 0.000000 0.002379
0.500000 0.000000 0.000000
0.200000 -0.003502 0.000000
0.200000 0.000000 0.000000
0.250000 0.000000 0.000000
0.200000 -0.001498 0.000000
0.200000 0.000000 0.004574
0.100000 0.000000 0.008152
0.200000 0.004501 0.000000
0.200000 0.000000 0.000000
0.100000 0.000000 0.000000
0.650000 -0.004501 0.000000
0.650000 0.000000 0.000000
0.800000 0.000000 0.000000
-0.150000 -0.003000 0.000000
-0.150000 0.000000 0.005590
-0.400000 0.000000 0.000000
-0.300000 -0.001500 0.000000
-0.300000 0.000000 0.008979
0.150000 0.000000 0.032196
0.100000 -0.006000 0.064307
0.100000 0.000000 0.111465
-0.200000 0.000000 0.125278
0.150000 0.006499 0.089109
0.150000 0.000000 0.000000
-0.200000 0.000000 0.000000
0.200000 -0.003501 0.000000
0.200000 0.000000 0.020288
-0.100000 0.000000 0.038464
-0.250000 0.000499 0.036996
-0.250000 0.000000 0.026542
-0.300000 0.000000 0.017444
0.050000 0.003500 0.006688
0.050000 0.000000 0.000000
-0.500000 0.000000 0.010728
-0.250000 0.002999 0.047440
-0.250000 0.000000 0.037777
0.000000 0.000000 0.058721
0.050000 0.004000 0.099923
0.050000 0.000000 0.067228
-0.550000 0.000000 0.045116
-0.150000 -0.001500 0.050890
-0.150000 0.000000 0.060743
-0.150000 0.000000 0.079957
0.500000 0.002500 0.088444
0.500000 0.000000 0.025305
0.050000 0.000000 0.000000
-0.100000 -0.005001 0.000000
-0.100000 0.000000 0.036341
-0.200000 0.000000 0.030358
0.000000 -0.002500 0.000000
0.000000 0.000000 0.037602
-0.200000 0.000000 0.043664
0.000000 -0.004500 0.014816
0.000000 0.000000 0.035863
-0.250000 0.000000 0.046034
0.050000 0.000001 0.033752
0.050000 0.000000 0.018345
-0.100000 0.000000 0.007810
0.050000 0.004500 0.000000
0.050000 0.000000 0.000000
-0.650000 0.000000 0.009413
-0.250000 0.001499 0.051098
-0.250000 0.000000 0.067356
-0.350000 0.000000 0.040543
-0.600000 -0.003500 0.000703
-0.600000 0.000000 0.045283
-0.300000 0.000000 0.061158
-0.200000 -0.003500 0.043288
-0.200000 0.000000 0.073850
-0.050000 0.000000 0.091360
0.150000 -0.000001 0.079786
0.150000 0.000000 0.046227
-0.450000 0.000000 0.031370
0.150000 0.000000 0.037910
0.150000 0.000000 0.039430
-0.250000 0.000000 0.017312
-0.100000 0.000000 0.000000
-0.100000 0.000000 0.002729
-0.200000 0.000000 0.000000
-0.500000 -0.003000 0.000145
-0.500000 0.000000 0.030807
-0.400000 0.000000 0.062952
0.400000 0.000000 0.080388
0.400000 0.000000 0.071762
-0.450000 0.000000 0.065558
-0.250000 0.001500 0.063013
-0.250000 0.000000 0.042964
-0.350000 0.000000 0.027705
-0.650000 -0.003001 0.030587
-0.650000 0.000000 0.070444
0.500000 0.000000 0.070688
-0.400000 0.003000 0.022754
-0.400000 0.000000 0.000000
-0.450000 0.000000 0.000997
-0.550000 -0.002001 0.035379
-0.550000 0.000000 0.077250
-0.300000 0.000000 0.095470
-0.400000 0.003501 0.086784
-0.400000 0.000000 0.067317
-0.550000 0.000000 0.087092
-0.700000 0.001500 0.138943
-0.700000 0.000000 0.161838
-0.750000 0.000000 0.193812
-0.200000 -0.001500 0.238437
-0.200000 0.000000 0.273357
-0.250000 0.000000 0.261741
-0.750000 0.000000 0.219997
-0.750000 0.000000 0.223337
-0.750000 0.000000 0.227873
-0.650000 0.000000 0.231058
-0.900000 0.000000 0.231151
-0.600000 -0.005002 0.240552
-0.600000 0.000000 0.313084
-0.600000 0.000000 0.349156
-0.650000 0.001500 0.337909
-0.650000 0.000000 0.332582
-0.850000 0.000000 0.329538
-0.550000 0.000000 0.331240
-0.550000 0.000000 0.348047
-0.850000 0.000000 0.358092
-0.950000 0.000000 0.430721
-0.400000 0.000000 0.459172
-0.500000 -0.000001 0.447798
-0.500000 0.000000 0.439875
-0.250000 0.000000 0.404709
-0.700000 0.000000 0.355429
-0.700000 0.000000 0.354006
-0.850000 0.000000 0.380282
-1.000000 0.004498 0.411025
-1.000000 0.000000 0.399934
-0.500000 0.000000 0.401727
-0.250000 -0.002998 0.396941
-0.250000 0.000000 0.365821
-0.150000 0.000000 0.337140
-0.250000 0.001500 0.310709
-0.250000 0.000000 0.286349
-0.350000 0.000000 0.263899
-0.750000 0.003000 0.243210
-0.750000 0.000000 0.233094
-0.250000 0.039588 0.225164
-0.250000 0.000000 0.207511
-0.450000 0.000000 0.191242
-0.250000 0.000637 0.176249
-0.250000 0.000000 0.184098
-0.550000 0.000000 0.187187
-0.250000 0.000000 0.193686
-0.250000 0.000000 0.203583
-0.450000 0.000000 0.191796
0.150000 0.000000 0.162896
-0.550000 0.000000 0.145203
-0.450000 0.001093 0.145757
-0.450000 0.000000 0.152832
0.300000 0.000000 0.137750
-0.100000 0.001093 0.103121
-0.100000 0.000000 0.079676
